time;Lat;Lon;length;width;min_zeta_850;min_hgt_850;max_wind_850
1992-06-05-0900;-28.626472;-58.546783;15;15;-0.00017386704692949742;1300.0728759765625;41.48911666870117
1992-06-05-1000;-28.767281;-58.031982;15;15;-0.00021824009263117977;1274.7281494140625;44.8744010925293
1992-06-05-1100;-29.206465;-57.377472;15;15;-0.0002086369700803365;1274.7281494140625;43.0317497253418
1992-06-05-1200;-29.752626;-56.806946;15;15;-0.0002435246042559978;1260.5667724609375;42.172054290771484
1992-06-05-1300;-30.019302;-56.168457;15;15;-0.0002865460403387959;1245.658203125;43.11474609375
1992-06-05-1400;-30.73151;-55.354919;15;15;-0.00032988115112954466;1232.9866943359375;42.16810607910156
1992-06-05-1500;-31.358202;-54.365845;15;15;-0.00036374747074654606;1226.2772216796875;39.74723815917969
1992-06-05-1600;-31.866116;-53.644196;15;15;-0.00036080338674971367;1218.078125;39.38739776611328
1992-06-05-1700;-32.242561;-52.873413;15;15;-0.0003064712989589361;1212.115966796875;38.77391052246094
1992-06-05-1800;-32.587475;-52.105133;15;15;-0.0003019306612323861;1209.87890625;37.797019958496094
1992-06-05-1900;-32.85323;-51.428345;15;15;-0.00028850126597808855;1212.115966796875;41.048377990722656
1992-06-05-2000;-33.226692;-50.759583;15;15;-0.0002847849826100561;1212.8599853515625;41.9730339050293
1992-06-05-2100;-33.623695;-50.10556;15;15;-0.0002876500961100743;1215.0970458984375;43.31625747680664
1992-06-05-2200;-33.964256;-49.199493;15;15;-0.0003308008976795049;1201.6798095703125;44.78516387939453
1992-06-05-2300;-34.270294;-48.492096;15;15;-0.0003398136488119341;1208.3875732421875;45.49436569213867
1992-06-06-0000;-34.524914;-47.797211;15;15;-0.00034644674825897045;1208.3875732421875;45.86399841308594
1992-06-06-0100;-34.849987;-47.065887;15;15;-0.00031127212107234797;1211.3702392578125;46.08524703979492
1992-06-06-0200;-35.153324;-46.266052;15;15;-0.0003483950880756123;1206.8978271484375;46.057193756103516
1992-06-06-0300;-35.422913;-45.474976;15;15;-0.000396936748142409;1201.6798095703125;46.22572326660156
1992-06-06-0400;-35.698086;-44.699799;15;15;-0.00041277930822614583;1200.1884765625;46.16157531738281
1992-06-06-0500;-35.978668;-43.935486;15;15;-0.0004351150471319812;1197.2073974609375;45.96172332763672
1992-06-06-0600;-36.233009;-43.118256;15;15;-0.00046741978975142436;1189.75390625;45.41896057128906
1992-06-06-0700;-36.547207;-42.340118;15;15;-0.0004612096777740486;1181.5546875;44.735137939453125
1992-06-06-0800;-36.79195;-41.608643;15;15;-0.0004955128436432541;1173.35400390625;44.439910888671875
1992-06-06-0900;-37.075993;-40.81723;15;15;-0.0005403163835033425;1168.881591796875;43.277286529541016
1992-06-06-1000;-37.356121;-39.917267;15;15;-0.0005661285496897054;1168.881591796875;41.90113067626953
1992-06-06-1100;-37.52158;-39.216034;15;15;-0.0005458402684026687;1164.4091796875;42.18765640258789
1992-06-06-1200;-37.711376;-38.472412;15;15;-0.0005165178045857257;1165.15478515625;42.45980453491211
1992-06-06-1300;-37.87397;-37.688995;15;15;-0.0005211657280453413;1159.936767578125;42.359554290771484
1992-06-06-1400;-37.992325;-36.92749;15;15;-0.0005496662381607419;1157.7012939453125;42.81884765625
1992-06-06-1500;-38.090836;-36.162079;15;15;-0.0005840253789194435;1148.0108642578125;42.19396209716797
1992-06-06-1600;-38.241833;-35.375977;15;15;-0.0006104647128951297;1145.02978515625;41.85441970825195
1992-06-06-1700;-38.386932;-34.573486;15;15;-0.0006494516498680784;1145.775390625;41.92708969116211
1992-06-06-1800;-38.458534;-33.835144;15;15;-0.0006984353934655389;1148.0108642578125;42.22710037231445
1992-06-06-1900;-38.624775;-33.097137;15;15;-0.0006600522017363899;1153.974609375;44.105567932128906
1992-06-06-2000;-38.714848;-32.346161;15;15;-0.0006407378169614268;1156.2099609375;45.46896743774414
1992-06-06-2100;-38.857483;-31.560883;15;15;-0.0006352617901081512;1157.7012939453125;46.59745407104492
1992-06-06-2200;-39.124577;-30.535645;15;15;-0.0006289015099238385;1159.936767578125;47.77016067504883
1992-06-06-2300;-39.281219;-29.665405;15;15;-0.0006052006801629438;1158.447021484375;48.29737854003906
1992-06-07-0000;-39.391644;-28.833496;15;15;-0.0005723210318074446;1159.192626953125;47.76325225830078
1992-06-07-0100;-39.460121;-28.081848;15;15;-0.0005792632090288267;1156.9556884765625;47.052330017089844
1992-06-07-0200;-39.611572;-27.293243;15;15;-0.0006064391544272273;1154.72021484375;47.16130447387695
1992-06-07-0300;-39.737129;-26.472229;15;15;-0.0005968210137735909;1152.4832763671875;48.00401306152344
1992-06-07-0400;-39.839092;-25.683319;15;15;-0.000581274930037682;1145.775390625;48.82120895385742
1992-06-07-0500;-39.991508;-24.875305;15;15;-0.0005747715911071299;1138.3203125;49.50822067260742
1992-06-07-0600;-40.171009;-24.019012;15;15;-0.0005462989428179399;1128.6314697265625;49.201744079589844
1992-06-07-0700;-40.370892;-23.183411;15;15;-0.0005248012467816173;1121.9219970703125;49.06132888793945
1992-06-07-0800;-40.530666;-22.444946;15;15;-0.00050302280771217;1118.94091796875;48.13640594482422
1992-06-07-0900;-40.669052;-21.715515;15;15;-0.0004960810737488638;1107.7591552734375;47.12253189086914
1992-06-07-1000;-40.896847;-20.818634;15;15;-0.0004601840239123307;1108.5047607421875;47.02557373046875
1992-06-07-1100;-41.064823;-20.048523;15;15;-0.0004383357524778323;1098.8143310546875;48.2845458984375
1992-06-07-1200;-41.217964;-19.299103;15;15;-0.00041051681710804484;1088.3797607421875;49.55717468261719
1992-06-07-1300;-41.412834;-18.591492;15;15;-0.00042125759834599425;1074.216796875;49.08095169067383
1992-06-07-1400;-41.589218;-17.838776;15;15;-0.00041956340749008006;1054.8358154296875;48.96824264526367
1992-06-07-1500;-41.779095;-17.128601;15;15;-0.00040635041426470987;1039.1832275390625;49.659671783447266
1992-06-07-1600;-42.047073;-16.435791;15;15;-0.0004485319238385398;1025.020263671875;50.87968063354492
1992-06-07-1700;-42.308334;-15.754028;15;15;-0.00047626097394575;1010.1133422851562;51.60439682006836
1992-06-07-1800;-42.529797;-15.02478;15;15;-0.0004912583549663135;999.6771850585938;52.08156204223633
1992-06-07-1900;-42.787983;-14.414795;15;15;-0.0004834986221229705;987.7512817382812;52.681941986083984
1992-06-07-2000;-43.029152;-13.811218;15;15;-0.0004689087889951148;977.3151245117188;52.614444732666016
1992-06-07-2100;-43.198196;-13.261169;15;15;-0.0004812740492315837;967.6246337890625;52.4307975769043
1992-06-07-2200;-43.468895;-12.446899;15;15;-0.0004045786621764584;989.9866943359375;47.81371307373047
1992-06-07-2300;-43.743038;-11.812988;15;15;-0.00041683490869806833;979.5521240234375;46.44044494628906
1992-06-08-0000;-43.963997;-11.3078;15;15;-0.0004423973482069019;975.0797119140625;46.737754821777344
1992-06-08-0100;-44.174297;-10.795929;15;15;-0.00044553344127960603;968.3703002929688;46.30354690551758
1992-06-08-0200;-44.351273;-10.288208;15;15;-0.0004216539755782902;962.4065551757812;46.96399688720703
1992-06-08-0300;-44.556801;-9.756714;15;15;-0.00040954426603115855;958.6798095703125;46.54497528076172
1992-06-08-0400;-44.723518;-9.22522;15;15;-0.00040047035677795315;948.9909057617188;46.37080764770508
1992-06-08-0500;-44.972988;-8.669495;15;15;-0.0003812753233258749;945.2625732421875;46.01314926147461
1992-06-08-0600;-45.235985;-8.109741;15;15;-0.000389735929165431;943.0271606445312;45.608882904052734
1992-06-08-0700;-45.412235;-7.569489;15;15;-0.00037699398548579583;946.0082397460938;44.94450378417969
1992-06-08-0800;-45.609921;-6.99762;15;15;-0.0003731520815168466;944.5184936523438;44.372406005859375
1992-06-08-0900;-45.786446;-6.493744;15;15;-0.00036357870057680515;944.5184936523438;43.95990753173828
1992-06-08-1000;-46.309811;-5.400726;15;15;-0.0003387713769714124;966.1348876953125;44.468875885009766
1992-06-08-1100;-46.645611;-4.824127;15;15;-0.000340004054008241;963.8978881835938;42.3775634765625
1992-06-08-1200;-46.973061;-4.342072;15;15;-0.00034629654386982505;961.6624755859375;41.35804748535156
1992-06-08-1300;-47.316284;-3.866516;15;15;-0.0003290839331399287;953.4633178710938;41.615482330322266
1992-06-08-1400;-47.599087;-3.379822;15;15;-0.0003177811588709858;949.7349853515625;41.63478088378906
1992-06-08-1500;-47.872375;-2.893036;15;15;-0.00031055429485006043;948.2452392578125;41.113975524902344
1992-06-08-1600;-48.015076;-2.460114;15;15;-0.0003228760979616005;943.0271606445312;40.11425018310547
1992-06-08-1700;-48.145271;-2.026459;15;15;-0.0003355682455464895;943.7728271484375;38.982887268066406
1992-06-08-1800;-48.26091;-1.588348;15;15;-0.000362139931732013;943.7728271484375;38.51231002807617
1992-06-08-1900;-48.388363;-1.160034;15;15;-0.00036689652374568757;941.5358276367188;37.98098373413086
1992-06-08-2000;-48.526943;-0.736084;15;15;-0.0003506495450268748;939.3004150390625;37.58514404296875
1992-06-08-2100;-48.659073;-0.302185;15;15;-0.00034176294391723475;933.336669921875;37.14610290527344
1992-06-08-2200;-48.884438;0.350198;15;15;-0.00033945895129785077;922.1564331054688;37.36908721923828
1992-06-08-2300;-48.997372;0.826143;15;15;-0.00032738367778702523;919.91943359375;37.21918869018555
1992-06-09-0000;-49.075317;1.304286;15;15;-0.00031662784553354725;913.2116088867188;37.01148223876953
1992-06-09-0100;-49.173939;1.830484;15;15;-0.00033208166812096596;909.48486328125;37.46135711669922
1992-06-09-0200;-49.3353;2.403987;15;15;-0.000338570320527336;905.7565307617188;37.677730560302734
1992-06-09-0300;-49.534325;2.993305;15;15;-0.00033992895561325007;902.7754516601562;38.21384048461914
1992-06-09-0400;-49.81049;3.608711;15;15;-0.0003357349948666726;898.3030395507812;38.98918914794922
1992-06-09-0500;-50.139626;4.292152;15;15;-0.00032823902289227046;899.7943725585938;38.606082916259766
1992-06-09-0600;-50.500973;4.962287;15;15;-0.00031619615162327923;900.5400390625;38.9769401550293
1992-06-09-0700;-50.868324;5.630158;15;15;-0.0003049735295484674;903.5211181640625;38.728755950927734
1992-06-09-0800;-51.173161;6.302887;15;15;-0.0002884819705453665;905.7565307617188;38.5573844909668
1992-06-09-0900;-51.538059;7.010527;15;15;-0.00027429323707449854;908.7391967773438;39.709739685058594
1992-06-09-1000;-52.085686;8.007012;15;15;-0.00026025119065296724;915.447021484375;40.315155029296875
1992-06-09-1100;-52.584496;8.720409;15;15;-0.000251654429171427;913.957275390625;40.884395599365234
1992-06-09-1200;-53.196384;9.452101;15;15;-0.00024242910334006457;897.557373046875;41.2774658203125
1992-06-09-1300;-53.897942;10.13135;15;15;-0.00023367270915048094;884.8858032226562;41.12331008911133
1992-06-09-1400;-54.750313;10.7971;15;15;-0.00022521957152682383;869.233154296875;40.902557373046875
1992-06-09-1500;-55.555058;11.442338;15;15;-0.00021651630553595118;853.5789184570312;40.764427185058594
1992-06-09-1600;-56.384926;12.111648;15;15;-0.00021078188840132101;840.1616821289062;40.6051025390625
1992-06-09-1700;-57.41441;12.82403;15;15;-0.00023858330561484208;830.4727783203125;40.65568161010742
1992-06-09-1800;-58.511894;13.536512;15;15;-0.0002499190253923624;820.7822875976562;40.646339416503906
1992-06-09-1900;-59.328804;14.113541;15;15;-0.0002565028062305677;810.3461303710938;40.59931182861328
1992-06-09-2000;-60.08379;14.514228;15;15;-0.00027009891943649545;802.8926391601562;40.220943450927734
1992-06-09-2100;-60.835178;14.785254;15;15;-0.00029858594575173504;795.439208984375;39.43674087524414
1992-06-09-2200;-61.193184;14.640597;15;15;-0.0003283028837660153;775.3125;39.36664581298828
1992-06-09-2300;-61.672562;14.696276;15;15;-0.00032947353773249405;770.8401489257812;37.714576721191406
1992-06-10-0000;-62.056053;14.628685;15;15;-0.0003318433490606174;765.6220092773438;34.44290542602539
1992-06-10-0100;-62.338947;14.517658;15;15;-0.0003364933800966936;757.4229125976562;36.41204071044922
1992-06-10-0200;-62.552654;14.406888;15;15;-0.00035045421817542265;752.204833984375;38.282196044921875
1992-06-10-0300;-62.778145;14.35047;15;15;-0.00037792818739089954;746.9883422851562;39.163482666015625
1992-06-10-0400;-62.976967;14.34361;15;15;-0.0003980358202236978;743.260009765625;39.62900161743164
1992-06-10-0500;-63.119072;14.293074;15;15;-0.00040037862424254655;741.0245971679688;40.91310501098633
1992-06-10-0600;-63.283684;14.178373;15;15;-0.0004083429577223854;741.770263671875;41.9736328125
1992-06-10-0700;-63.450024;14.087436;15;15;-0.0004181374196317507;740.2789306640625;42.66413497924805
1992-06-10-0800;-63.580776;13.789308;15;15;-0.0004101866248427715;744.0056762695312;43.413455963134766
1992-06-10-0900;-63.72995;13.609573;15;15;-0.0004023087921230044;746.24267578125;44.18510818481445
1992-06-10-1000;-64.091461;13.374969;15;15;-0.00037412304331761053;761.149658203125;45.60396194458008
1992-06-10-1100;-64.182892;13.22914;15;15;-0.00034492884306239435;760.4039306640625;45.9235725402832
1992-06-10-1200;-64.296097;13.236178;15;15;-0.00033787306151879866;766.3677368164062;45.724212646484375
1992-06-10-1300;-64.419891;13.213317;15;15;-0.0003280492003065607;767.8590698242188;45.805641174316406
1992-06-10-1400;-64.547173;13.314101;15;15;-0.0003333824907468007;769.3487548828125;45.71250534057617
1992-06-10-1500;-64.690536;13.309617;15;15;-0.0003258422451125188;771.5858154296875;45.95437240600586
1992-06-10-1600;-64.809021;13.256007;15;15;-0.0003184173443104998;773.8211669921875;45.52728271484375
1992-06-10-1700;-64.924873;13.098791;15;15;-0.0002955735859783839;774.5668334960938;45.18077850341797
1992-06-10-1800;-65.012619;12.625422;15;15;-0.00028020963184758403;779.0392456054688;45.55318069458008
1992-06-10-1900;-65.131844;12.387416;15;15;-0.0002678610568017888;782.02197265625;45.64410400390625
1992-06-10-2000;-65.215157;12.123792;15;15;-0.0002662162102078384;783.5116577148438;45.75469970703125
1992-06-10-2100;-65.254799;11.673452;15;15;-0.00026398543250372;787.2384033203125;45.77815628051758
1992-06-10-2200;-65.468582;12.143239;15;15;-0.00026938929361127665;793.9478149414062;45.21516799926758
1992-06-10-2300;-65.520851;11.668444;15;15;-0.000272356736225011;797.674560546875;45.78923034667969
1992-06-11-0000;-65.546402;11.085223;15;15;-0.00026754265617956653;802.8926391601562;46.219818115234375
1992-06-11-0100;-65.539948;10.323352;15;15;-0.0002444661255336846;802.8926391601562;46.90192413330078
1992-06-11-0200;-65.499817;9.424165;15;15;-0.00024083654447192156;811.091796875;47.40984344482422
1992-06-11-0300;-65.439087;8.508502;15;15;-0.00023630096037234835;812.5831298828125;47.87183380126953
1992-06-11-0400;-65.371742;7.641426;15;15;-0.00023004418829424;815.564208984375;48.12214279174805
1992-06-11-0500;-65.301224;6.876027;15;15;-0.0002204884087984683;818.5452880859375;47.936256408691406
1992-06-11-0600;-65.210594;6.124343;15;15;-0.00021412986901625855;821.5279541015625;47.84524917602539
1992-06-11-0700;-65.11985;5.455176;15;15;-0.00020851531068862277;826.0003662109375;47.404144287109375
1992-06-11-0800;-65.055;4.89187;15;15;-0.00020929116737194084;831.2168579101562;46.3785514831543
1992-06-11-0900;-64.956963;4.226974;15;15;-0.00020723799697970342;837.1806030273438;45.36362838745117
1992-06-11-1000;-65.052055;4.549845;15;15;-0.00019444753424504002;840.1616821289062;44.44606018066406
1992-06-11-1100;-65.016434;3.875263;15;15;-0.0001933962997886584;841.6530151367188;43.730464935302734
1992-06-11-1200;-64.971764;3.173196;15;15;-0.0001918684881951513;844.6340942382812;42.39176559448242
1992-06-11-1300;-64.907059;2.637574;15;15;-0.00019706564616932417;849.1065063476562;41.31476974487305
1992-06-11-1400;-64.85125;2.251133;15;15;-0.00020941962686256587;852.0891723632812;40.797245025634766
1992-06-11-1500;-64.826645;2.008035;15;15;-0.00021939585902892877;857.3056640625;40.44235610961914
1992-06-11-1600;-64.799751;1.777045;15;15;-0.00022915270388124636;862.5237426757812;40.03361129760742
1992-06-11-1700;-64.764618;1.497517;15;15;-0.00023551975860570178;866.9961547851562;39.6177978515625
1992-06-11-1800;-64.706192;1.131578;15;15;-0.00023476464335464353;874.4512329101562;39.2070198059082
1992-06-11-1900;-64.65081;0.700092;15;15;-0.0002250696135763198;879.667724609375;38.59871292114258
1992-06-11-2000;-64.582413;0.281874;15;15;-0.0002147460240870793;886.3771362304688;37.56809997558594
1992-06-11-2100;-64.518639;-0.094757;15;15;-0.00020152917655784927;892.3392944335938;36.36638259887695
1992-06-11-2200;-64.440346;-0.578644;15;15;-0.00014257726397344032;902.7754516601562;32.942588806152344
1992-06-11-2300;-64.376671;-0.629364;15;15;-0.00013316269822730286;902.7754516601562;32.3098030090332
1992-06-12-0000;-64.301216;-0.67395;15;15;-0.00013921567746923662;911.7202758789062;32.103206634521484
1992-06-12-0100;-64.229645;-0.788788;15;15;-0.00014744196977343346;913.957275390625;32.12737274169922
1992-06-12-0200;-64.168831;-0.946228;15;15;-0.00015100992760875808;916.9383544921875;31.856258392333984
1992-06-12-0300;-64.10347;-1.100616;15;15;-0.00014795304070108235;921.4107666015625;32.085872650146484
1992-06-12-0400;-64.027817;-1.201202;15;15;-0.00020187246368080764;924.391845703125;36.048851013183594
1992-06-12-0500;-63.934399;-1.153748;15;15;-0.00019380161363022352;927.3729248046875;38.1091194152832
1992-06-12-0600;-63.847149;-1.074738;15;15;-0.0001791011139690806;931.1012573242188;38.33707046508789
1992-06-12-0700;-63.782619;-1.017059;15;15;-0.0001755338439377688;934.0823364257812;37.69706344604492
1992-06-12-0800;-63.738045;-1.007965;15;15;-0.00020161023582897241;937.80908203125;37.53154754638672
1992-06-12-0900;-63.691547;-1.026367;15;15;-0.00022532725501002692;940.7901611328125;37.440650939941406
1992-06-12-1000;-63.567688;-1.436768;15;15;-0.00019731036125187197;938.5547485351562;36.191490173339844
1992-06-12-1100;-63.421524;-1.684601;15;15;-0.00019426635464663174;940.0460815429688;34.57840347290039
1992-06-12-1200;-63.344303;-2.093323;15;15;-0.00020834426546201848;946.0082397460938;33.792633056640625
1992-06-12-1300;-63.26186;-2.585541;15;15;-0.00019741109890861398;943.7728271484375;32.98725509643555
1992-06-12-1400;-63.172504;-3.001099;15;15;-0.00017935249908619801;947.4995727539062;28.925146102905273
1992-06-12-1500;-63.094662;-3.403046;15;15;-0.000190186907721935;948.2452392578125;27.550016403198242
1992-06-12-1600;-62.983448;-3.692657;15;15;-0.00016872311035714732;947.4995727539062;24.15690803527832
1992-06-12-1700;-62.852005;-4.002411;15;15;-0.00014911033671163152;952.7176513671875;25.055845260620117
1992-06-12-1800;-62.702404;-4.262054;15;15;-0.0001527346588399875;954.2073974609375;24.49835777282715
1992-06-12-1900;-62.498703;-4.344635;15;15;-0.00016243319749451615;957.9341430664062;23.941072463989258
1992-06-12-2000;-62.233475;-4.332001;15;15;-0.00016630680976242835;960.9168090820312;23.948999404907227
1992-06-12-2100;-61.915054;-4.16272;15;15;-0.0001630960582624311;962.4065551757812;23.69957733154297
1992-06-12-2200;-61.761803;-3.496552;15;15;-0.00016400583834072534;965.3892211914062;23.100542068481445
1992-06-12-2300;-61.379749;-3.447479;15;15;-0.00015619822770777925;968.3703002929688;23.24445915222168
1992-06-13-0000;-61.053612;-3.100708;15;15;-0.00015414503381056829;966.1348876953125;23.316360473632812
1992-06-13-0100;-60.813755;-2.571838;15;15;-0.00015099189029798437;969.115966796875;23.23060417175293
1992-06-13-0200;-60.693836;-2.06308;15;15;-0.00015024642935306654;970.6072998046875;23.13043975830078
1992-06-13-0300;-60.597046;-1.515167;15;15;-0.000148249424962348;969.8616333007812;23.366649627685547
1992-06-13-0400;-60.577244;-0.908539;15;15;-0.00014579746627370495;972.0970458984375;23.929967880249023
1992-06-13-0500;-60.603466;-0.241119;15;15;-0.00019569358249241008;969.115966796875;24.565250396728516
1992-06-13-0600;-60.694187;0.535335;15;15;-0.00019753116375296722;963.1522216796875;25.1734619140625
1992-06-13-0700;-60.940628;1.413122;15;15;-0.0001949381144884224;955.69873046875;24.58477210998535
1992-06-13-0800;-61.173698;2.202958;15;15;-0.0001995803112183967;954.2073974609375;24.54325294494629
1992-06-13-0900;-61.695999;3.109039;15;15;-0.00025249968996473367;953.4633178710938;25.458065032958984
1992-06-13-1000;-61.475262;3.093918;15;15;-0.00024649096883528975;951.226318359375;23.49476432800293
1992-06-13-1100;-61.936279;3.550209;15;15;-0.0002432412625249426;953.4633178710938;23.465774536132812
1992-06-13-1200;-62.550285;3.932389;15;15;-0.0002345199339957742;959.4254760742188;27.470273971557617
1992-06-13-1300;-62.737206;3.9207;15;15;-0.00022501536702187067;959.4254760742188;26.675031661987305
1992-06-13-1400;-62.758408;3.898421;15;15;-0.0002152185816642222;965.3892211914062;27.621658325195312
1992-06-13-1500;-62.591118;3.841204;15;15;-0.00020886192602975772;970.6072998046875;25.099666595458984
1992-06-13-1600;-62.512398;3.867816;15;15;-0.000202871574659458;975.8237915039062;25.215993881225586
1992-06-13-1700;-62.396709;3.850387;15;15;-0.00020485845658973811;978.8064575195312;24.938621520996094
1992-06-13-1800;-62.275234;3.749502;15;15;-0.0002023847571459151;987.7512817382812;24.92888069152832
1992-06-13-1900;-62.110619;3.716328;15;15;-0.00019635173694004945;992.9693603515625;25.00413703918457
1992-06-13-2000;-61.937164;3.71528;15;15;-0.0001936398042452876;998.1858520507812;25.394662857055664
1992-06-13-2100;-61.732662;3.739549;15;15;-0.0001880702838653219;1000.4228515625;25.748186111450195
1992-06-13-2200;-60.459534;4.996134;15;15;-0.0001581707432523369;1001.1685180664062;24.43675994873047
1992-06-13-2300;-60.323013;5.217671;15;15;-0.00015766909927027205;1003.4039306640625;24.455787658691406
1992-06-14-0000;-60.391823;5.130273;15;15;-0.00015262451073038677;1010.1133422851562;23.74925994873047
1992-06-14-0100;-60.361954;5.283688;15;15;-0.0001418901123716609;1010.1133422851562;23.522743225097656
1992-06-14-0200;-60.226093;5.742985;15;15;-0.00013170121734517709;1013.0944213867188;23.436477661132812
1992-06-14-0300;-60.04105;6.405673;15;15;-0.0001224891594390737;1015.329833984375;23.222078323364258
1992-06-14-0400;-59.82653;7.170774;15;15;-0.00010349300374895153;1016.8211669921875;23.044626235961914
1992-06-14-0500;-59.627563;8.144886;15;15;-0.00010324527690473904;1017.5668334960938;22.92718505859375
1992-06-14-0600;-59.379841;9.158832;15;15;-0.00010353561660889302;1019.80224609375;22.183425903320312
1992-06-14-0700;-59.131954;10.154643;15;15;-0.00010490814004534558;1025.020263671875;22.7729549407959
1992-06-14-0800;-59.044323;10.570096;15;15;-0.00010444212418463149;1027.25732421875;22.838733673095703
1992-06-14-0900;-58.968468;10.665422;15;15;-9.825251110264463e-05;1030.9840087890625;22.735116958618164
1992-06-14-1000;-59.287113;9.189415;15;15;-9.961336034612735e-05;1040.674560546875;22.304889678955078
1992-06-14-1100;-59.190022;9.532193;15;15;-0.00010033340991280687;1039.9288330078125;22.7541561126709
1992-06-14-1200;-59.120415;9.826012;15;15;-9.901624026555127e-05;1045.8909912109375;23.27065086364746
1992-06-14-1300;-59.087074;10.246794;15;15;-9.610008544798326e-05;1047.38232421875;23.62537384033203
1992-06-14-1400;-59.034042;10.646717;15;15;-9.622784366984885e-05;1048.8736572265625;23.971662521362305
1992-06-14-1500;-58.936306;11.134202;15;15;-9.510983870694902e-05;1052.6004638671875;24.39788246154785
1992-06-14-1600;-58.837631;11.720888;15;15;-9.38701171937073e-05;1054.091796875;24.515361785888672
1992-06-14-1700;-58.679775;12.327384;15;15;-9.217321146356721e-05;1056.3271484375;24.1900577545166
1992-06-14-1800;-58.514439;13.023297;15;15;-8.839375234184893e-05;1060.053955078125;24.053470611572266
1992-06-14-1900;-58.323303;13.729539;15;15;-8.79218014888435e-05;1060.053955078125;24.20680046081543
1992-06-14-2000;-58.074913;14.31315;15;15;-8.612605154582326e-05;1063.03662109375;23.712411880493164
1992-06-14-2100;-57.784252;14.869295;15;15;-8.493315638898346e-05;1063.7806396484375;24.4052734375
1992-06-14-2200;-57.463432;15.003781;15;15;-8.59009625621922e-05;1063.7806396484375;25.67137336730957
1992-06-14-2300;-57.187149;15.661639;15;15;-8.43693429404917e-05;1063.03662109375;25.687746047973633
1992-06-15-0000;-56.964188;16.245674;15;15;-8.606806066929969e-05;1063.03662109375;26.412128448486328
1992-06-15-0100;-56.798122;16.85187;15;15;-8.31638029139429e-05;1063.7806396484375;26.604433059692383
