time;Lat;Lon;length;width;min_zeta_850;min_hgt_850;max_wind_850
1982-10-11-0700;-42.904819;-66.367218;15;15;-6.949206009187591e-05;1337.0152587890625;22.71345329284668
1982-10-11-0800;-42.386635;-64.055237;15;15;-6.453415742775653e-05;1327.9732666015625;23.645767211914062
1982-10-11-0900;-42.129581;-63.166595;15;15;-7.283135447906654e-05;1327.9732666015625;23.477693557739258
1982-10-11-1000;-42.315598;-61.788788;15;15;-2.9379551274801288e-05;1319.6832275390625;23.163877487182617
1982-10-11-1100;-42.098717;-61.45343;15;15;-3.9193074454387685e-05;1325.7122802734375;22.712427139282227
1982-10-11-1200;-41.924126;-61.139587;15;15;-1.854007781369859e-05;1325.7122802734375;22.940282821655273
1982-10-11-1300;-41.808281;-60.78064;15;15;-6.123087310043828e-05;1327.9732666015625;23.0983943939209
1982-10-11-1400;-41.74387;-60.392822;15;15;-5.3466469319340334e-05;1327.9732666015625;22.336448669433594
1982-10-11-1500;-41.807625;-59.755981;15;15;-4.821190347291189e-05;1326.4659423828125;22.397850036621094
1982-10-11-1600;-41.763664;-59.331665;15;15;-3.9985479813090244e-05;1325.7122802734375;22.06622314453125
1982-10-11-1700;-41.715309;-58.873657;15;15;-2.9133277617943737e-05;1329.48046875;21.1077938079834
1982-10-11-1800;-41.585682;-58.254517;15;15;-5.521689005966526e-05;1327.9732666015625;20.617595672607422
1982-10-11-1900;-41.44442;-57.705933;15;15;-4.2650468397366276e-05;1330.9862060546875;20.06085968017578
1982-10-11-2000;-41.42527;-57.160431;15;15;-3.047189536640975e-05;1332.493408203125;19.7701358795166
1982-10-11-2100;-41.348274;-56.690155;15;15;-6.297864462359228e-05;1334.000732421875;19.01817512512207
1982-10-11-2200;-41.098442;-57.014679;15;15;-9.10272968369431e-05;1338.5224609375;17.45405387878418
1982-10-11-2300;-40.8908;-57.135681;15;15;-7.72033752952218e-05;1346.0572509765625;17.77434730529785
1982-10-12-0000;-40.730099;-57.289825;15;15;-7.611266670412578e-05;1354.34716796875;18.046621322631836
1982-10-12-0100;-40.676132;-57.298126;15;15;-6.839825660298306e-05;1355.100830078125;17.515602111816406
1982-10-12-0200;-40.496578;-57.857452;15;15;-4.1313932232606325e-05;1364.142822265625;17.35102653503418
1982-10-12-0300;-40.272652;-58.696075;15;15;-5.4033972706928814e-05;1371.6776123046875;17.19509506225586
1982-10-12-0400;-40.106247;-59.188141;15;15;-6.138079214729035e-05;1376.9530029296875;19.3033504486084
1982-10-12-0500;-39.883385;-59.402863;15;15;-4.387417922657609e-05;1375.44580078125;19.91312026977539
1982-10-12-0600;-39.585411;-59.54361;15;15;-4.91439059827199e-05;1369.416748046875;21.301424026489258
1982-10-12-0700;-39.187447;-59.44516;15;15;-4.266073126191643e-05;1370.1702880859375;21.740503311157227
1982-10-12-0800;-38.686867;-59.293335;15;15;-3.324472575603409e-05;1371.6776123046875;22.660297393798828
1982-10-12-0900;-38.21228;-59.147552;15;15;2.940461513754786e-06;1376.199462890625;23.375261306762695
1982-10-12-1000;-36.815109;-58.810516;15;15;-8.557483268243395e-05;1381.4732666015625;25.080738067626953
1982-10-12-1100;-36.465687;-58.450836;15;15;-8.773230124325844e-05;1385.241455078125;23.753293991088867
1982-10-12-1200;-36.182926;-58.117584;15;15;-6.584153235533711e-05;1385.241455078125;22.1833438873291
1982-10-12-1300;-35.96125;-57.665009;15;15;-6.273378059320128e-05;1386.7486572265625;20.694475173950195
1982-10-12-1400;-35.936527;-57.253143;15;15;-4.831546498454472e-05;1383.734130859375;20.304584503173828
1982-10-12-1500;-35.901936;-56.851532;15;15;-5.525702244605551e-05;1379.2139892578125;19.11641502380371
1982-10-12-1600;-35.884293;-56.354218;15;15;-8.534751205283543e-05;1376.199462890625;18.20400619506836
1982-10-12-1700;-35.795853;-55.861877;15;15;-0.00010985942212259702;1365.650146484375;17.991493225097656
1982-10-12-1800;-35.832588;-55.353546;15;15;-0.000143838211634117;1357.360107421875;18.454870223999023
1982-10-12-1900;-35.791676;-54.872864;15;15;-0.00015497435422814315;1352.0863037109375;19.726390838623047
1982-10-12-2000;-35.719231;-54.199829;15;15;-0.00013590475099486816;1344.5499267578125;19.851228713989258
1982-10-12-2100;-35.619007;-53.656708;15;15;-0.00012169188840957819;1341.5369873046875;20.618398666381836
1982-10-12-2200;-35.819271;-53.129364;15;15;-0.0001374549102476941;1321.1905517578125;22.45948600769043
1982-10-12-2300;-35.730026;-52.501312;15;15;-0.00015283586330379614;1318.9295654296875;22.50122833251953
1982-10-13-0000;-35.753769;-51.725891;15;15;-0.0001610481496965157;1314.409423828125;22.366416931152344
1982-10-13-0100;-35.82386;-50.880005;15;15;-0.00015893686294711205;1306.873046875;22.19782066345215
1982-10-13-0200;-35.812202;-50.184082;15;15;-0.0001583794935596058;1297.077392578125;22.375829696655273
1982-10-13-0300;-35.913952;-49.409302;15;15;-0.0001722581710847277;1288.035400390625;25.074981689453125
1982-10-13-0400;-36.005951;-48.724884;15;15;-0.00015102102407782533;1277.486083984375;28.549545288085938
1982-10-13-0500;-36.024445;-48.11145;15;15;-0.00011559349009591335;1263.168701171875;30.540754318237305
1982-10-13-0600;-36.058708;-47.570068;15;15;-9.762500673627973e-05;1254.878662109375;31.625286102294922
1982-10-13-0700;-36.093517;-46.997498;15;15;-0.00011735091758323771;1244.329345703125;31.718982696533203
1982-10-13-0800;-36.195454;-46.393158;15;15;-0.00013845121949867024;1238.3018798828125;31.30327606201172
1982-10-13-0900;-36.291077;-45.794769;15;15;-0.0001269386945930988;1237.54833984375;30.291616439819336
1982-10-13-1000;-36.675587;-45.0914;15;15;-0.0001297232954087436;1219.462646484375;29.549352645874023
1982-10-13-1100;-36.80262;-44.537933;15;15;-0.00012312130565006517;1210.420654296875;28.71317481994629
1982-10-13-1200;-36.942898;-43.950348;15;15;-0.00013821442199660273;1203.6395263671875;29.178050994873047
1982-10-13-1300;-37.05315;-43.412262;15;15;-0.00013825869836996173;1194.595947265625;30.874601364135742
1982-10-13-1400;-37.132687;-42.849945;15;15;-0.00012687045888726614;1182.5394287109375;32.03996658325195
1982-10-13-1500;-37.266171;-42.285278;15;15;-0.00013253487564136686;1172.7437744140625;33.684776306152344
1982-10-13-1600;-37.379227;-41.762909;15;15;-0.0001324713821569919;1159.93359375;35.30181884765625
1982-10-13-1700;-37.467258;-41.247101;15;15;-0.00015878697306702117;1143.355224609375;37.01130294799805
1982-10-13-1800;-37.616322;-40.598541;15;15;-0.00016086230274127376;1133.5595703125;38.45210266113281
1982-10-13-1900;-37.728882;-39.976227;15;15;-0.00014414743060933266;1126.0247802734375;39.30979537963867
1982-10-13-2000;-38.041576;-39.478668;15;15;-0.00013957234685561438;1116.981201171875;39.39121627807617
1982-10-13-2100;-38.428734;-39.064209;15;15;-9.317785771247916e-05;1109.4464111328125;40.308712005615234
1982-10-13-2200;-38.911335;-38.711029;15;15;-7.518016044755401e-05;1086.0869140625;41.53795623779297
1982-10-13-2300;-39.243286;-38.349152;15;15;-4.001124358819977e-05;1075.5377197265625;42.63717269897461
1982-10-14-0000;-39.56332;-37.927216;15;15;-3.0638705880141557e-05;1068.0013427734375;43.71187973022461
1982-10-14-0100;-39.863327;-37.589142;15;15;-1.115983263808738e-05;1059.7130126953125;43.76799011230469
1982-10-14-0200;-40.093853;-37.299286;15;15;-5.943690465613635e-06;1049.1636962890625;43.85077667236328
1982-10-14-0300;-40.364319;-36.968933;15;15;-5.002010305600527e-05;1039.3680419921875;44.45884323120117
1982-10-14-0400;-40.602768;-36.671967;15;15;-8.848188581401956e-05;1025.80419921875;46.5115852355957
1982-10-14-0500;-40.823952;-36.41745;15;15;-9.106431090928995e-05;1013.7476806640625;47.80990982055664
1982-10-14-0600;-41.061256;-36.148376;15;15;-7.615477866915863e-05;1004.7040405273438;48.68498611450195
1982-10-14-0700;-41.287506;-35.946075;15;15;-8.595241101686291e-05;996.4157104492188;49.1759033203125
1982-10-14-0800;-41.538631;-35.695038;15;15;-0.00010143794134857152;991.8938598632812;49.393428802490234
1982-10-14-0900;-41.699181;-35.566803;15;15;-0.00010664865016357108;992.6475219726562;49.04488754272461
1982-10-14-1000;-41.9814;-35.317383;15;15;-9.061425108476941e-05;985.11279296875;49.522464752197266
1982-10-14-1100;-42.125175;-35.207306;15;15;-0.0001083276816527773;981.3446044921875;49.55045700073242
1982-10-14-1200;-42.28297;-35.026642;15;15;-0.00011632244980398806;982.0982055664062;48.05268478393555
1982-10-14-1300;-42.546329;-34.635773;15;15;-0.00012795038779363642;980.5909423828125;47.12656021118164
1982-10-14-1400;-42.521255;-34.687195;15;15;-0.00014573214163651388;982.8518676757812;45.598880767822266
1982-10-14-1500;-42.679737;-34.395721;15;15;-0.00014519371766499162;981.3446044921875;44.65774917602539
1982-10-14-1600;-42.688946;-34.329468;15;15;-0.00014437071092392132;983.60546875;44.463008880615234
1982-10-14-1700;-42.764999;-34.072845;15;15;-0.0001425484411310178;985.11279296875;44.917572021484375
1982-10-14-1800;-42.809834;-33.873779;15;15;-0.00014964543470736554;983.60546875;44.26564025878906
1982-10-14-1900;-42.892216;-33.606323;15;15;-0.00015195251183303815;987.3736572265625;43.24409103393555
1982-10-14-2000;-42.974621;-33.296967;15;15;-0.0001657508262370719;991.1402587890625;41.661407470703125
1982-10-14-2100;-43.057487;-32.937378;15;15;-0.0001747473579664476;992.6475219726562;39.98377990722656
1982-10-14-2200;-43.366371;-32.805756;15;15;-0.00017860995700968662;1006.2113037109375;39.57819747924805
1982-10-14-2300;-43.411587;-32.431732;15;15;-0.00017045436918975828;1013.7476806640625;37.606380462646484
1982-10-15-0000;-43.443356;-32.018707;15;15;-0.00016901784020352114;1015.2533569335938;37.47146224975586
1982-10-15-0100;-43.484455;-31.601532;15;15;-0.00018705636428422969;1020.52880859375;37.66031265258789
1982-10-15-0200;-43.549435;-31.197021;15;15;-0.0001978401945421677;1027.3099365234375;38.140811920166016
1982-10-15-0300;-43.617447;-30.801605;15;15;-0.00019979111439665456;1031.8316650390625;38.56674575805664
1982-10-15-0400;-43.65881;-30.369904;15;15;-0.00018218689327342185;1035.599853515625;38.7779655456543
1982-10-15-0500;-43.705044;-29.906281;15;15;-0.00016396996755433025;1038.6143798828125;38.0890998840332
1982-10-15-0600;-43.757019;-29.408813;15;15;-0.00015230755963768034;1044.641845703125;36.92741394042969
1982-10-15-0700;-43.808281;-28.892181;15;15;-0.00015206128692091993;1051.424560546875;36.018211364746094
1982-10-15-0800;-43.879135;-28.380981;15;15;-0.00015908472746621548;1057.4520263671875;35.48500061035156
1982-10-15-0900;-44.028099;-27.803253;15;15;-0.00017115206972888937;1066.494140625;34.86371994018555
1982-10-15-1000;-44.1255;-27.461853;15;15;-0.0001784618117229964;1074.0303955078125;34.528350830078125
1982-10-15-1100;-44.237564;-26.952881;15;15;-0.00017361944070587006;1079.3043212890625;33.986942291259766
1982-10-15-1200;-44.32428;-26.487488;15;15;-0.00017639414616516379;1084.5797119140625;32.93621063232422
1982-10-15-1300;-44.396545;-26.014771;15;15;-0.00019669117073920446;1089.8551025390625;32.02687454223633
1982-10-15-1400;-44.478119;-25.552216;15;15;-0.00020421765554518785;1092.114501953125;31.609540939331055
1982-10-15-1500;-44.561157;-25.071381;15;15;-0.0001958322239039754;1095.882568359375;31.1431941986084
1982-10-15-1600;-44.749825;-24.485687;15;15;-0.00018474341930227285;1098.1435546875;30.63327407836914
1982-10-15-1700;-44.9851;-23.859802;15;15;-0.00017943668234222655;1101.9117431640625;30.40747833251953
1982-10-15-1800;-45.265305;-23.196686;15;15;-0.0001680267512973766;1108.6927490234375;30.341815948486328
1982-10-15-1900;-45.576599;-22.483521;15;15;-0.00015441108963585746;1113.96826171875;30.20294761657715
1982-10-15-2000;-45.841545;-21.836731;15;15;-0.00014217746675063966;1122.256591796875;29.954641342163086
1982-10-15-2100;-46.113697;-21.185883;15;15;-0.00013928358975782857;1126.7784423828125;30.19637680053711
1982-10-15-2200;-46.473488;-20.796173;15;15;-0.00010085275018109139;1122.256591796875;30.290864944458008
1982-10-15-2300;-46.682178;-20.148346;15;15;-0.00010005145782205991;1123.763916015625;30.476669311523438
1982-10-16-0000;-46.973862;-19.468689;15;15;-0.00010178074551079449;1123.763916015625;30.532649993896484
1982-10-16-0100;-47.300053;-18.761688;15;15;-0.00010297235012505166;1122.256591796875;30.17542839050293
1982-10-16-0200;-47.638733;-18.019775;15;15;-0.0001029604026137267;1120.7493896484375;29.89628028869629
1982-10-16-0300;-47.936211;-17.334717;15;15;-0.00010592611855419012;1119.2420654296875;29.595460891723633
1982-10-16-0400;-48.203732;-16.723663;15;15;-0.00010723325166859259;1116.2275390625;29.22182273864746
1982-10-16-0500;-48.45105;-16.144501;15;15;-0.00010636551312143406;1118.4884033203125;28.820192337036133
1982-10-16-0600;-48.701309;-15.63208;15;15;-0.00010622239135343962;1115.4754638671875;28.637001037597656
1982-10-16-0700;-49.01226;-15.078949;15;15;-0.00010050168850540081;1119.2420654296875;28.381519317626953
1982-10-16-0800;-49.307796;-14.563721;15;15;-9.684860167058173e-05;1119.9957275390625;28.027198791503906
1982-10-16-0900;-49.73394;-13.893951;15;15;-0.00010353073163166712;1119.9957275390625;27.688413619995117
1982-10-16-1000;-49.723457;-13.398621;15;15;-8.676148325958922e-05;1133.5595703125;27.598438262939453
1982-10-16-1100;-50.17255;-12.577301;15;15;-7.38994108379219e-05;1135.0667724609375;27.40569496154785
1982-10-16-1200;-50.635223;-11.724152;15;15;-6.52191818990578e-05;1134.313232421875;27.239587783813477
1982-10-16-1300;-51.001251;-10.974915;15;15;-5.278131055876685e-05;1133.5595703125;27.0086727142334
1982-10-16-1400;-51.269482;-10.351044;15;15;-5.552463730955387e-05;1134.313232421875;26.76482391357422
1982-10-16-1500;-51.487106;-9.818817;15;15;-5.8023337122638883e-05;1132.05224609375;26.644474029541016
1982-10-16-1600;-51.642647;-9.381592;15;15;-5.460580183049033e-05;1134.313232421875;26.514999389648438
1982-10-16-1700;-51.767368;-9.020569;15;15;-5.0953802121223105e-05;1132.805908203125;26.5717716217041
1982-10-16-1800;-51.873425;-8.713226;15;15;-5.147504297834079e-05;1134.313232421875;26.980016708374023
1982-10-16-1900;-51.960716;-8.453827;15;15;-5.127532069477439e-05;1133.5595703125;26.997652053833008
1982-10-16-2000;-52.052711;-8.25531;15;15;-5.08231357916588e-05;1135.0667724609375;27.03423500061035
1982-10-16-2100;-52.146599;-8.089691;15;15;-5.1246122617588795e-05;1135.0667724609375;26.79437828063965
1982-10-16-2200;-52.074474;-7.843903;15;15;-5.578283071239154e-05;1130.5450439453125;26.45082664489746
1982-10-16-2300;-52.15435;-7.747131;15;15;-5.027212890613426e-05;1130.5450439453125;27.517986297607422
1982-10-17-0000;-52.211319;-7.657196;15;15;-5.4981506544880606e-05;1128.2840576171875;28.637929916381836
1982-10-17-0100;-52.26865;-7.550964;15;15;-5.93251718056417e-05;1129.7913818359375;29.56655502319336
1982-10-17-0200;-52.322681;-7.368622;15;15;-6.406678213510296e-05;1127.5321044921875;30.16613006591797
1982-10-17-0300;-52.378696;-7.156006;15;15;-5.658781746175403e-05;1125.2711181640625;30.332225799560547
1982-10-17-0400;-52.419285;-6.924225;15;15;-5.99227439014667e-05;1126.0247802734375;30.176116943359375
1982-10-17-0500;-52.437904;-6.664276;15;15;-6.299418757269765e-05;1121.5030517578125;29.766935348510742
1982-10-17-0600;-52.460842;-6.408051;15;15;-6.696960356212528e-05;1122.256591796875;29.121673583984375
1982-10-17-0700;-52.450428;-6.200867;15;15;-7.250463059537215e-05;1123.763916015625;28.62094497680664
1982-10-17-0800;-52.464222;-5.98056;15;15;-8.079543034639456e-05;1125.2711181640625;28.338050842285156
1982-10-17-0900;-52.535023;-5.713837;15;15;-9.239796502274852e-05;1125.2711181640625;28.12868881225586
1982-10-17-1000;-52.547306;-5.649536;15;15;-0.00010389760403393056;1136.5740966796875;26.731822967529297
1982-10-17-1100;-52.669376;-5.285339;15;15;-6.78957227401538e-05;1135.8204345703125;25.550312042236328
1982-10-17-1200;-52.793457;-4.928406;15;15;-7.985676272219327e-05;1137.3277587890625;24.680578231811523
1982-10-17-1300;-52.925194;-4.563477;15;15;-2.233931237742269e-05;1135.8204345703125;24.8155517578125
1982-10-17-1400;-53.046494;-4.232758;15;15;-3.200569760431452e-05;1136.5740966796875;25.032682418823242
1982-10-17-1500;-53.123295;-3.836182;15;15;-4.1032481858378336e-05;1135.0667724609375;25.163345336914062
1982-10-17-1600;-53.176788;-3.458313;15;15;-7.025972497497434e-06;1136.5740966796875;25.38996696472168
1982-10-17-1700;-53.24284;-3.117096;15;15;-2.468453505555819e-05;1133.5595703125;25.532835006713867
1982-10-17-1800;-53.321533;-2.84845;15;15;-4.26141606877745e-05;1136.5740966796875;25.268596649169922
1982-10-17-1900;-53.412998;-2.666351;15;15;-2.441064483036159e-05;1137.3277587890625;25.21493911743164
1982-10-17-2000;-53.515079;-2.529724;15;15;-3.6909355062556134e-05;1139.588623046875;24.019018173217773
1982-10-17-2100;-53.622021;-2.424744;15;15;-3.7303894167752006e-05;1137.3277587890625;23.19703483581543
1982-10-17-2200;-53.825596;-2.811371;15;15;-2.442302868830461e-05;1132.05224609375;23.003278732299805
1982-10-17-2300;-53.932671;-2.627838;15;15;-2.721231890605365e-05;1132.05224609375;22.932809829711914
1982-10-18-0000;-54.032238;-2.410706;15;15;-2.531148752191686e-05;1132.05224609375;23.36296844482422
1982-10-18-0100;-54.107166;-2.151825;15;15;-3.1060891361117496e-05;1129.7913818359375;24.21230125427246
1982-10-18-0200;-54.182156;-1.85965;15;15;-3.216618566360803e-05;1124.517578125;25.168460845947266
1982-10-18-0300;-54.246456;-1.548889;15;15;-3.7757844095685436e-05;1121.5030517578125;26.273733139038086
1982-10-18-0400;-54.278866;-1.185852;15;15;-4.6883508033911155e-05;1124.517578125;27.216506958007812
1982-10-18-0500;-54.315067;-0.845612;15;15;-6.36503485173935e-05;1120.7493896484375;27.870624542236328
1982-10-18-0600;-54.347786;-0.485016;15;15;-7.149011012833165e-05;1120.7493896484375;28.577783584594727
1982-10-18-0700;-54.367706;-0.087677;15;15;-7.760840534637442e-05;1119.9957275390625;28.71255874633789
1982-10-18-0800;-54.400005;0.318489;15;15;-7.718325433269698e-05;1119.2420654296875;28.600778579711914
1982-10-18-0900;-54.475731;0.687955;15;15;-7.844485953577336e-05;1119.2420654296875;28.209651947021484
1982-10-18-1000;-54.367867;1.438786;15;15;-5.7105733922333154e-05;1127.5321044921875;27.914377212524414
1982-10-18-1100;-54.444687;1.851616;15;15;-6.9888813557759e-05;1127.5321044921875;27.308063507080078
1982-10-18-1200;-54.527069;2.290173;15;15;-6.30406514430302e-05;1126.7784423828125;27.210268020629883
1982-10-18-1300;-54.602093;2.776452;15;15;-5.7409964609953605e-05;1126.7784423828125;27.354637145996094
1982-10-18-1400;-54.664112;3.305707;15;15;-5.7419923556252864e-05;1123.01025390625;27.6715030670166
1982-10-18-1500;-54.730064;3.908244;15;15;-4.235626814417151e-05;1123.763916015625;27.544654846191406
1982-10-18-1600;-54.81778;4.568098;15;15;-4.6498600732587773e-05;1123.763916015625;27.496007919311523
1982-10-18-1700;-54.892113;5.231087;15;15;-1.8909499311354302e-05;1124.517578125;27.408836364746094
1982-10-18-1800;-54.954338;5.8188;15;15;-2.8684042409914548e-05;1126.0247802734375;26.883861541748047
1982-10-18-1900;-55.050491;6.325006;15;15;-4.11677404297347e-05;1124.517578125;27.015199661254883
1982-10-18-2000;-55.125343;6.733016;15;15;-2.3490075300405018e-05;1126.0247802734375;27.03811264038086
1982-10-18-2100;-55.21241;7.105168;15;15;-3.877946480928042e-05;1126.0247802734375;26.845205307006836
1982-10-18-2200;-55.34211;7.509172;15;15;-4.800750144540147e-05;1125.2711181640625;27.047555923461914
1982-10-18-2300;-55.42794;7.8528;15;15;-3.936380937854055e-05;1125.2711181640625;28.666488647460938
1982-10-19-0000;-55.511822;8.181212;15;15;-4.7818958736335874e-05;1123.01025390625;28.662744522094727
1982-10-19-0100;-55.602772;8.520053;15;15;-5.3808498029750094e-05;1123.01025390625;28.9062442779541
1982-10-19-0200;-55.707237;8.803017;15;15;-4.4683304714203494e-05;1121.5030517578125;28.451324462890625
1982-10-19-0300;-55.79319;9.113511;15;15;-5.252028072565916e-05;1123.01025390625;26.855558395385742
1982-10-19-0400;-55.856831;9.479739;15;15;-5.954138195161006e-05;1122.256591796875;26.635486602783203
1982-10-19-0500;-55.922905;9.775274;15;15;-5.3285186209660825e-05;1123.763916015625;26.139612197875977
1982-10-19-0600;-56.002678;10.015555;15;15;-6.138713368625072e-05;1123.763916015625;25.74806022644043
1982-10-19-0700;-56.098553;10.168579;15;15;-6.62367749856424e-05;1126.0247802734375;25.401426315307617
1982-10-19-0800;-56.170792;10.277142;15;15;-6.021317687916211e-05;1126.0247802734375;25.025554656982422
1982-10-19-0900;-56.216095;10.470354;15;15;-6.245535107311213e-05;1128.2840576171875;25.01251792907715
1982-10-19-1000;-56.556599;9.874479;15;15;-7.886531593601297e-05;1130.5450439453125;24.87761116027832
1982-10-19-1100;-56.652706;10.231325;15;15;-6.659134545342353e-05;1130.5450439453125;24.066463470458984
1982-10-19-1200;-56.718266;10.612074;15;15;-6.957497602248238e-05;1130.5450439453125;23.4224796295166
1982-10-19-1300;-56.812904;10.884748;15;15;-6.938079028597757e-05;1133.5595703125;22.490550994873047
1982-10-19-1400;-56.900074;11.185598;15;15;-6.0339494524616386e-05;1133.5595703125;23.241315841674805
1982-10-19-1500;-57.028412;11.329798;15;15;-6.042172169180024e-05;1135.0667724609375;24.423110961914062
1982-10-19-1600;-57.135311;11.479474;15;15;-5.0054724440598004e-05;1138.8349609375;24.829267501831055
1982-10-19-1700;-57.151222;11.910496;15;15;-4.524262124682509e-05;1142.6015625;24.607946395874023
1982-10-19-1800;-57.149731;12.370017;15;15;-4.27321120132904e-05;1146.3697509765625;24.2265625
1982-10-19-1900;-57.103863;12.997869;15;15;-4.45092247402444e-05;1150.137939453125;23.8311710357666
1982-10-19-2000;-57.048779;13.610417;15;15;-4.30940747617017e-05;1154.6580810546875;23.42056655883789
1982-10-19-2100;-56.986053;14.251118;15;15;-4.318716044669691e-05;1159.179931640625;23.139034271240234
1982-10-19-2200;-56.78249;15.38187;15;15;-5.6363076452095044e-05;1163.70166015625;22.694700241088867
1982-10-19-2300;-56.686478;16.0331;15;15;-5.69394174007515e-05;1170.4827880859375;22.571596145629883
1982-10-20-0000;-56.597523;16.771618;15;15;-6.964592768353512e-05;1169.729248046875;22.510475158691406
1982-10-20-0100;-56.527943;17.436411;15;15;-6.800525894665018e-05;1175.004638671875;22.549867630004883
1982-10-20-0200;-56.461136;18.08967;15;15;-6.302400714445781e-05;1176.5118408203125;22.48873519897461
1982-10-20-0300;-56.390785;18.754183;15;15;-6.277893757347682e-05;1181.7857666015625;23.04483985900879
1982-10-20-0400;-56.306618;19.475523;15;15;-6.900143613509521e-05;1186.3074951171875;23.2369327545166
1982-10-20-0500;-56.198948;20.253979;15;15;-7.175249480252903e-05;1189.3221435546875;22.77804183959961
1982-10-20-0600;-56.096775;21.0637;15;15;-7.765776476858295e-05;1191.5814208984375;21.862144470214844
1982-10-20-0700;-56.002296;21.821918;15;15;-8.242320230084127e-05;1190.07568359375;20.671218872070312
1982-10-20-0800;-55.979172;22.449974;15;15;-8.250595272952697e-05;1190.829345703125;20.260276794433594
1982-10-20-0900;-55.974266;23.013361;15;15;-7.869791111859287e-05;1191.5814208984375;19.92401123046875
1982-10-20-1000;-55.736725;24.46455;15;15;-7.196448089485862e-05;1181.0321044921875;20.155715942382812
1982-10-20-1100;-55.782974;25.206026;15;15;-6.798252288008867e-05;1181.7857666015625;20.011798858642578
1982-10-20-1200;-55.839977;26.007074;15;15;-6.514273396204112e-05;1182.5394287109375;19.789976119995117
1982-10-20-1300;-55.965858;26.81027;15;15;-5.8737671070046886e-05;1184.046630859375;19.27713394165039
1982-10-20-1400;-56.112186;27.614054;15;15;-5.8242277319407715e-05;1181.0321044921875;19.449708938598633
1982-10-20-1500;-56.229725;28.359421;15;15;-5.4565373921419446e-05;1181.0321044921875;19.386594772338867
1982-10-20-1600;-56.374317;29.103935;15;15;-5.762743286183816e-05;1180.2784423828125;19.099292755126953
1982-10-20-1700;-56.535652;29.782835;15;15;-5.574365024637938e-05;1177.2655029296875;18.660573959350586
1982-10-20-1800;-56.660282;30.351402;15;15;-4.904528066440937e-05;1173.497314453125;18.37484359741211
1982-10-20-1900;-56.800468;30.926775;15;15;-5.396018127159799e-05;1168.9755859375;18.011754989624023
1982-10-20-2000;-56.938709;31.521624;15;15;-5.510100035927662e-05;1170.4827880859375;17.833251953125
1982-10-20-2100;-57.113762;32.146214;15;15;-6.501524754446197e-05;1168.221923828125;17.904647827148438
1982-10-20-2200;-57.292313;32.744785;15;15;-6.736760784069754e-05;1164.455322265625;18.94131851196289
1982-10-20-2300;-57.495522;33.318596;15;15;-5.8114993472513903e-05;1165.208984375;19.73645782470703
1982-10-21-0000;-57.713993;33.885105;15;15;-4.6637819336807847e-05;1155.4117431640625;20.35649299621582
1982-10-21-0100;-57.932949;34.521042;15;15;-3.2433144538542e-05;1153.1524658203125;20.605735778808594
1982-10-21-0200;-58.198528;35.231773;15;15;-2.7666274137233526e-05;1146.3697509765625;20.55617332458496
1982-10-21-0300;-58.496048;35.942478;15;15;-3.137134574934512e-05;1148.630615234375;20.46465301513672
1982-10-21-0400;-58.88789;36.611214;15;15;-2.73969319426662e-05;1146.3697509765625;20.192100524902344
1982-10-21-0500;-59.272968;37.186459;15;15;-3.331604698151954e-05;1143.355224609375;19.930025100708008
1982-10-21-0600;-59.673351;37.693211;15;15;-3.214408471834473e-05;1139.588623046875;19.950498580932617
