time;Lat;Lon;length;width;min_zeta_850;min_hgt_850;max_wind_850
2016-09-12-1400;-29.973804;-63.167664;15.0;15.0;-0.0002634172015797005;780.1641235351562;38.5929069519043
2016-09-12-1500;-31.237892000000002;-62.152557;15.000000000000004;15.0;-0.00027961078086852394;783.127685546875;39.46326446533203
2016-09-12-1600;-31.856712;-61.11282299999999;15.0;14.999999999999993;-0.00027841278185075766;780.905029296875;40.2425537109375
2016-09-12-1700;-32.369148;-60.03179900000001;15.0;15.000000000000007;-0.000309754122418646;783.127685546875;40.67903518676758
2016-09-12-1800;-32.675255;-59.08242799999999;15.0;14.999999999999993;-0.00035973300835094417;783.127685546875;40.54220199584961
2016-09-12-1900;-33.412354;-58.148285;15.0;15.0;-0.0003222994966703898;786.8321533203125;40.2828254699707
2016-09-12-2000;-33.798286;-57.437408000000005;15.0;15.000000000000007;-0.0003128172125873999;789.0548095703125;40.12982940673828
2016-09-12-2100;-33.81889;-57.09845;15.0;15.0;-0.00029876568627473684;791.2774658203125;40.1110954284668
2016-09-12-2200;-34.289352;-56.58041399999999;15.0;14.999999999999993;-0.0002787423691409002;803.8741455078125;39.54705810546875
2016-09-12-2300;-34.317383;-56.281769;15.0;15.0;-0.0002741485019826434;808.3194580078125;40.34706497192383
2016-09-13-0000;-34.227432;-55.943665;15.0;15.0;-0.00027189057658154385;818.6934814453125;40.35443878173828
2016-09-13-0100;-34.345451;-55.494629;15.0;15.0;-0.0002601582025730706;828.3250122070312;40.62308120727539
2016-09-13-0200;-34.605247;-54.972626;15.0;15.0;-0.0002641186231582245;847.5897216796875;40.92129898071289
2016-09-13-0300;-34.968178;-54.429962;15.0;15.0;-0.0002614445916144179;844.6261596679688;41.31433868408203
2016-09-13-0400;-35.377666;-54.015411;15.0;15.0;-0.0002583978156280856;847.5897216796875;41.63058853149414
2016-09-13-0500;-35.742687;-53.642578;15.0;15.0;-0.00026839061181635623;848.33056640625;41.571868896484375
2016-09-13-0600;-36.13303;-53.210449;15.0;15.0;-0.0002699317234363498;852.7775268554688;41.638954162597656
2016-09-13-0700;-36.398087;-52.896149;15.0;15.0;-0.0002609571683118635;855.7410278320312;41.3502197265625
2016-09-13-0800;-36.674164;-52.521423;15.0;15.0;-0.00030021340753829296;858.70458984375;40.88093566894531
2016-09-13-0900;-36.958824;-52.139465;15.0;15.0;-0.0003764161123640297;866.8543701171875;41.283103942871094
2016-09-13-1000;-37.551369;-52.244934;15.0;15.0;-0.0005339255284097487;869.07861328125;48.127742767333984
2016-09-13-1100;-37.693943;-51.952942;15.0;15.0;-0.00048451793721118427;882.4146118164062;50.170101165771484
2016-09-13-1200;-37.879189;-51.76947;15.0;15.0;-0.00038820101180786547;884.6372680664062;50.24591827392578
2016-09-13-1300;-38.039101;-51.524445;15.0;15.0;-0.0003390736011146876;893.5294799804688;49.89677810668945
2016-09-13-1400;-38.327824;-51.504486;15.0;15.0;-0.00030436703875126066;900.9383544921875;48.105567932128906
2016-09-13-1500;-38.574051;-51.593781;15.0;15.0;-0.0002778158750125404;906.8670654296875;47.565345764160156
2016-09-13-1600;-38.838516;-51.853088;15.0;15.0;-0.0002807886537571616;910.571533203125;47.55237579345703
2016-09-13-1700;-38.978294;-52.215942;15.0;15.0;-0.0002880268690432787;915.7577514648438;46.57848358154297
2016-09-13-1800;-39.092209;-52.343719;15.0;15.0;-0.00032968219518914087;918.7212524414062;45.52602005004883
2016-09-13-1900;-39.096008;-52.356598;15.0;15.0;-0.0003586485334030621;921.684814453125;45.748260498046875
2016-09-13-2000;-39.068577;-52.479309;15.0;15.0;-0.00037490920619346983;926.8726196289062;45.902278900146484
2016-09-13-2100;-39.013237;-52.504517;15.0;15.0;-0.00043684427619485413;929.836181640625;47.61037826538086
2016-09-13-2200;-38.783295;-52.412262;15.0;15.0;-0.00045979415404601945;943.1737670898438;47.79014205932617
2016-09-13-2300;-38.607094;-52.452545;15.0;15.0;-0.0004674625741697061;946.1373291015625;46.49766159057617
2016-09-14-0000;-38.468967;-52.417542;15.0;15.0;-0.0004599649852679135;953.5462036132812;45.67710876464844
2016-09-14-0100;-38.404976;-52.295715;15.0;15.0;-0.0004598668805669071;957.2506103515625;48.023338317871094
2016-09-14-0200;-38.426353;-51.996643;15.0;15.0;-0.00044763627059333047;959.474853515625;46.60529327392578
2016-09-14-0300;-38.407585;-51.641418;15.0;15.0;-0.000471561203340238;956.5097045898438;44.92017364501953
2016-09-14-0400;-38.387722;-51.311951;15.0;15.0;-0.0005150316557732246;954.2870483398438;45.204437255859375
2016-09-14-0500;-38.234745;-51.161469;15.0;15.0;-0.0005455228934850226;951.323486328125;45.054466247558594
2016-09-14-0600;-38.229137;-50.854034;15.0;15.0;-0.0005246897284840418;949.8417358398438;44.46142578125
2016-09-14-0700;-38.237831;-50.43399;15.0;15.0;-0.0005043889604098433;949.100830078125;43.501861572265625
2016-09-14-0800;-38.187485;-50.117767;15.0;15.0;-0.0004774433016419971;949.100830078125;43.795379638671875
2016-09-14-0900;-38.110584;-49.845856;15.0;15.0;-0.00042325523889011953;951.323486328125;45.42544937133789
2016-09-14-1000;-37.891804;-49.712311;15.0;15.0;-0.0004456015258703915;947.6190795898438;43.815399169921875
2016-09-14-1100;-37.902664;-49.448914;15.0;15.0;-0.00042235629270258063;947.6190795898438;41.97095489501953
2016-09-14-1200;-37.964832;-49.128296;15.0;15.0;-0.00044331311676999876;949.100830078125;41.86959457397461
2016-09-14-1300;-38.081223;-48.769958;15.0;15.0;-0.00046498901341659766;951.323486328125;41.21215057373047
2016-09-14-1400;-38.155109;-48.438538;15.0;15.0;-0.0004676585884688462;955.0279541015625;41.86732864379883
2016-09-14-1500;-38.156261;-48.114258;15.0;15.0;-0.00046728373938935414;964.6610717773438;42.135196685791016
2016-09-14-1600;-38.124859;-47.788544;15.0;15.0;-0.00045269875058699693;970.5881958007812;42.272953033447266
2016-09-14-1700;-38.072601;-47.444977;15.0;15.0;-0.0004251369666005042;973.5517578125;42.40662384033203
2016-09-14-1800;-38.009407;-47.110657;15.0;15.0;-0.00040414910866407505;980.2213134765625;42.07963180541992
2016-09-14-1900;-37.93874;-46.792511;15.0;15.0;-0.00038628173044990747;984.6666259765625;41.37257766723633
2016-09-14-2000;-37.897404;-46.480194;15.0;15.0;-0.00035803113707567853;989.1119384765625;41.649009704589844
2016-09-14-2100;-37.868931;-46.180786;15.0;15.0;-0.0003326061894967649;995.7815551757812;41.97538375854492
2016-09-14-2200;-37.76965;-45.815857;15.0;15.0;-0.000315351524998787;993.5588989257812;43.15553665161133
2016-09-14-2300;-37.765282;-45.42804;15.0;15.0;-0.0002981028262589873;982.4439697265625;42.617252349853516
2016-09-15-0000;-37.827602;-45.077545;15.0;15.0;-0.00029541126818540166;976.516845703125;42.670928955078125
2016-09-15-0100;-37.951363;-44.691864;15.0;15.0;-0.00030791305130179315;967.6246337890625;42.33362579345703
2016-09-15-0200;-38.125999;-44.256409;15.0;15.0;-0.00031308419765936396;960.2157592773438;41.868900299072266
2016-09-15-0300;-38.308807;-43.800232;15.0;15.0;-0.0003289817597027686;960.2157592773438;41.23512649536133
2016-09-15-0400;-38.514;-43.313995;15.0;15.0;-0.0003546822339070036;950.5826416015625;40.96366882324219
2016-09-15-0500;-38.668385;-42.874207;15.0;15.0;-0.0003783969704540481;947.6190795898438;40.95328903198242
2016-09-15-0600;-38.790905;-42.423096;15.0;15.0;-0.00038898729734800227;940.9511108398438;41.46609878540039
2016-09-15-0700;-38.924049;-41.973358;15.0;15.0;-0.000380338335399067;938.726806640625;41.87620162963867
2016-09-15-0800;-39.063725;-41.556091;15.0;15.0;-0.00037706634084372245;932.7997436523438;42.1229133605957
2016-09-15-0900;-39.22084;-41.160492;15.0;15.0;-0.0003899213435976046;928.3544311523438;41.973785400390625
2016-09-15-1000;-39.524529;-40.665863;15.0;15.0;-0.00038948968385767266;925.390869140625;41.50176239013672
2016-09-15-1100;-39.786263;-40.314697;15.0;15.0;-0.0003685601235268434;919.462158203125;40.26639175415039
2016-09-15-1200;-39.991791;-40.007172;15.0;15.0;-0.0003076901823331508;926.1317138671875;38.76716613769531
2016-09-15-1300;-40.193306;-39.673737;15.0;15.0;-0.0002674647862284499;926.8726196289062;37.747554779052734
2016-09-15-1400;-40.389236;-39.331696;15.0;15.0;-0.0002408969202227997;934.281494140625;37.90714645385742
2016-09-15-1500;-40.600227;-38.88028;15.0;15.0;-0.00020653278518283072;943.9146118164062;37.82843780517578
2016-09-15-1600;-40.766373;-38.394989;15.0;15.0;-0.00019335882859155821;955.7688598632812;37.999717712402344
2016-09-15-1700;-40.927383;-37.84314;15.0;15.0;-0.00019035065174021797;966.8837280273438;37.46645736694336
2016-09-15-1800;-41.107449;-37.29068;15.0;15.0;-0.00018673422391423059;970.5881958007812;37.08233642578125
2016-09-15-1900;-41.282848;-36.752808;15.0;15.0;-0.00018720822309766807;976.516845703125;36.80061721801758
2016-09-15-2000;-41.394981;-36.347046;15.0;15.0;-0.0001785180631141087;981.7030639648438;36.48769760131836
2016-09-15-2100;-41.526917;-35.933502;15.0;15.0;-0.00017524381510550368;986.8892822265625;36.42160415649414
2016-09-15-2200;-41.917408;-35.345398;15.0;15.0;-0.00019623309674034762;994.2997436523438;37.74280548095703
2016-09-15-2300;-42.070404;-34.989319;15.0;15.0;-0.00019756108882691096;992.81640625;37.28614044189453
2016-09-16-0000;-42.306179;-34.548492;15.0;15.0;-0.0002005481038232624;995.7815551757812;36.67680358886719
2016-09-16-0100;-42.667587;-34.009521;15.0;15.0;-0.00019897224344699456;1001.7086181640625;36.845611572265625
2016-09-16-0200;-42.946075;-33.458069;15.0;15.0;-0.000194162680957177;1003.1904296875;36.92852020263672
2016-09-16-0300;-43.369698;-32.747559;15.0;15.0;-0.00018987988608435845;1009.8583984375;36.637393951416016
2016-09-16-0400;-43.972767;-31.861237000000003;15.0;15.000000000000004;-0.00019158711488449917;1010.5993041992188;36.017398834228516
2016-09-16-0500;-44.435715;-31.108886999999996;15.0;14.999999999999996;-0.00019158090656497105;1011.341796875;36.710750579833984
2016-09-16-0600;-44.735107;-30.454375999999996;15.0;14.999999999999996;-0.0001883516343846671;1013.564453125;37.27859878540039
2016-09-16-0700;-44.923763;-29.845489999999998;15.0;14.999999999999996;-0.00018136317413521735;1012.8235473632812;40.161216735839844
2016-09-16-0800;-45.104469;-29.266571;15.0;15.0;-0.00017198620473149966;1016.5280151367188;41.992225646972656
2016-09-16-0900;-45.539097;-28.684784;15.0;15.0;-0.0001529764538032043;1018.7506713867188;43.01415252685547
2016-09-16-1000;-46.60759;-27.930115;15.0;15.0;-0.00012640553596272766;1025.418701171875;44.068172454833984
2016-09-16-1100;-47.147545;-27.250732;15.0;15.0;-0.000119879733390064;1026.1595458984375;43.90782928466797
2016-09-16-1200;-47.563282;-26.626923000000005;15.0;15.000000000000004;-0.00012285030359238103;1034.3109130859375;43.29352569580078
2016-09-16-1300;-47.943493;-26.029815999999997;15.0;14.999999999999996;-0.00012978508253824557;1038.015380859375;42.336307525634766
2016-09-16-1400;-48.290829;-25.460114000000004;15.0;15.000000000000004;-0.00014026811852069302;1043.9423828125;42.45005798339844
2016-09-16-1500;-48.666779;-24.930358999999996;15.0;14.999999999999996;-0.00014959267271163703;1046.1650390625;42.85773468017578
2016-09-16-1600;-49.172306;-24.403931;15.0;15.0;-0.00015671769164321485;1048.3892822265625;46.95283126831055
2016-09-16-1700;-49.699986;-23.975647;15.0;15.0;-0.00015327097921868222;1049.87109375;49.31038284301758
2016-09-16-1800;-50.136818;-23.578278;15.0;15.0;-0.00015200296953425658;1039.4970703125;49.686763763427734
2016-09-16-1900;-50.392727;-23.252686;15.0;15.0;-0.00017036418448077348;1024.677734375;50.47795867919922
2016-09-16-2000;-50.580856;-22.870728;15.0;15.0;-0.00020484375111058556;1006.1539916992188;51.11219787597656
2016-09-16-2100;-50.697559;-22.532532;15.0;15.0;-0.00024306683032512385;987.6301879882812;51.035945892333984
2016-09-16-2200;-51.013802;-22.078033;15.0;15.0;-0.0002678777664896899;955.7688598632812;50.30207824707031
2016-09-16-2300;-51.28141;-21.603058;15.0;15.0;-0.0002859851517357062;937.9859619140625;49.9565315246582
2016-09-17-0000;-51.592873;-21.144775;15.0;15.0;-0.0003608554853941199;910.571533203125;49.8405647277832
2016-09-17-0100;-51.931988;-20.732513;15.0;15.0;-0.00033225533784106924;887.6024169921875;49.23053741455078
2016-09-17-0200;-52.301361;-20.36264;15.0;15.0;-0.00026731262870093546;860.92724609375;49.26415252685547
2016-09-17-0300;-52.615612;-19.969666;15.0;15.0;-0.0002382965780079205;842.4035034179688;49.15184783935547
2016-09-17-0400;-52.883373;-19.524292;15.0;15.0;-0.000248888750645645;818.6934814453125;48.85650634765625
2016-09-17-0500;-53.036701;-18.981842;15.0;15.0;-0.00026053491475835905;801.6514892578125;48.70344161987305
2016-09-17-0600;-53.154144;-18.422913;15.0;15.0;-0.00026596143654019657;786.8321533203125;48.48745346069336
2016-09-17-0700;-53.24699;-17.753387;15.0;15.0;-0.0002810165420365775;778.682373046875;48.59770965576172
2016-09-17-0800;-53.339417;-17.09671;15.0;15.0;-0.00027846650512612626;773.4945678710938;48.54637145996094
2016-09-17-0900;-53.464344;-16.414337;15.0;15.0;-0.0002676484914594363;769.0492553710938;48.44282150268555
2016-09-17-1000;-53.569302;-15.966675000000002;15.0;15.000000000000002;-0.00026067834435462346;781.6459350585938;48.72258758544922
2016-09-17-1100;-53.703377;-15.202789;15.0;15.0;-0.0002382137062213373;772.753662109375;47.76597595214844
2016-09-17-1200;-53.814247;-14.58905;15.0;15.0;-0.0002377367300449115;769.7901000976562;47.841278076171875
2016-09-17-1300;-53.883083;-14.05246;15.0;15.0;-0.0002010069725831921;766.8265991210938;47.17208480834961
2016-09-17-1400;-53.915382;-13.516327;15.0;15.0;-0.00018053122234150583;776.4581298828125;46.28460693359375
2016-09-17-1500;-53.942741;-12.977111999999998;15.0;14.999999999999998;-0.00018646317183583104;777.9398803710938;45.78062057495117
2016-09-17-1600;-53.945335;-12.387816999999998;15.0;14.999999999999998;-0.00019889363591125788;789.0548095703125;45.36551284790039
2016-09-17-1700;-54.031418;-11.679473999999999;15.0;14.999999999999998;-0.00019041244078820893;795.7227783203125;44.892913818359375
2016-09-17-1800;-54.183117;-10.906128000000002;15.0;15.000000000000002;-0.00016905915540089834;807.5785522460938;44.33576965332031
2016-09-17-1900;-54.324017;-10.130005;15.0;15.0;-0.0001604198699717693;817.2117309570312;43.624271392822266
2016-09-17-2000;-54.54686;-9.287078999999999;15.0;14.999999999999998;-0.00024025270996818078;823.1387939453125;42.780540466308594
2016-09-17-2100;-54.742199;-8.478149;15.0;15.0;-0.00027011519582353385;832.77197265625;43.34602737426758
2016-09-17-2200;-54.793598;-8.004242;15.0;15.0;-0.00030060218898152956;857.2228393554688;43.72260665893555
2016-09-17-2300;-54.93536;-7.29007;15.0;15.0;-0.0002761145803182925;862.4090576171875;43.651466369628906
2016-09-18-0000;-55.074207;-6.516113000000001;15.0;15.0;-0.0002078397020013998;866.1134643554688;42.593021392822266
2016-09-18-0100;-55.226665;-5.7918400000000005;15.0;15.0;-0.0002047922803840383;866.8543701171875;42.3693733215332
2016-09-18-0200;-55.405869;-5.095886;15.0;15.0;-0.0002528311240608271;872.7830810546875;42.1102294921875
2016-09-18-0300;-55.653587;-4.37674;15.0;15.0;-0.0002968028797977579;876.4874877929688;42.204673767089844
2016-09-18-0400;-55.867889;-3.7327270000000006;15.0;15.0;-0.0003355356603947095;883.1554565429688;42.44117736816406
2016-09-18-0500;-56.077961;-3.100861;15.0;15.0;-0.0003363378505911451;889.0841674804688;42.81162643432617
2016-09-18-0600;-56.23793;-2.4298710000000003;15.0;15.0;-0.0003227617347609683;897.2339477539062;43.31101989746094
2016-09-18-0700;-56.390079;-1.7768859999999997;15.0;15.0;-0.0003082648275041259;906.8670654296875;42.95986557006836
2016-09-18-0800;-56.578205;-1.0689999999999995;15.0;15.0;-0.00028550238738502876;912.794189453125;43.15528106689453
2016-09-18-0900;-56.761967;-0.33807399999999976;15.0;15.0;-0.00027917528882253403;922.4273071289062;42.96000671386719
2016-09-18-1000;-57.012703;0.7301549999999999;15.0;15.0;-0.00026113410174508664;945.3964233398438;41.32608413696289
2016-09-18-1100;-57.209407999999996;1.3943790000000003;14.999999999999993;15.0;-0.00026445770865671724;943.9146118164062;39.88787078857422
2016-09-18-1200;-57.385245999999995;2.0866329999999995;14.999999999999993;15.0;-0.00025754913153416045;942.432861328125;38.87667465209961
2016-09-18-1300;-57.465664000000004;2.7496860000000005;15.000000000000007;15.0;-0.0002463222630785862;940.210205078125;38.47160720825195
2016-09-18-1400;-57.567677;3.4683919999999997;15.0;15.0;-0.00023971544357991124;939.4677124023438;38.293907165527344
2016-09-18-1500;-57.682068;4.189050999999999;15.0;15.0;-0.00023377285640689628;939.4677124023438;37.85110855102539
2016-09-18-1600;-57.773426;4.882918;15.0;15.0;-0.0002302863298977633;940.9511108398438;37.331748962402344
2016-09-18-1700;-57.895313;5.529814;15.0;15.0;-0.0002233945877948631;940.210205078125;36.54546356201172
2016-09-18-1800;-58.027457999999996;6.163115999999999;14.999999999999993;15.0;-0.00020781066713504838;940.9511108398438;36.06387710571289
2016-09-18-1900;-58.20473100000001;6.766826999999999;15.000000000000007;15.0;-0.0001872744493590416;940.9511108398438;35.8461799621582
2016-09-18-2000;-58.353092000000004;7.370187;15.000000000000007;15.0;-0.0002157269103613919;940.210205078125;35.855873107910156
2016-09-18-2100;-58.476639000000006;8.003222;15.000000000000007;15.0;-0.00027441691512339653;937.2450561523438;35.78239440917969
2016-09-18-2200;-58.79528400000001;8.677826;15.000000000000007;15.0;-0.0003136311492804492;932.058837890625;35.18114471435547
2016-09-18-2300;-58.837433000000004;9.339824;15.000000000000007;15.0;-0.0003161286982589044;930.5770874023438;35.26698684692383
2016-09-19-0000;-58.872608;10.035293;15.0;15.0;-0.0002877295224607064;928.3544311523438;35.065521240234375
2016-09-19-0100;-58.929348000000005;10.651269;15.000000000000007;15.0;-0.00024176449528908397;928.3544311523438;34.7659797668457
2016-09-19-0200;-58.978493;11.241761;15.0;15.0;-0.00021974711439659979;923.168212890625;34.14405059814453
2016-09-19-0300;-58.966393;11.897409;15.0;15.0;-0.00021659304889843327;920.9439086914062;33.495338439941406
2016-09-19-0400;-58.97085200000001;12.536828;15.000000000000007;15.0;-0.00021095866568303208;918.7212524414062;33.64765167236328
2016-09-19-0500;-58.951164000000006;13.241622;15.000000000000007;15.0;-0.000194389564187448;919.462158203125;34.140438079833984
2016-09-19-0600;-58.897465;14.052534999999999;15.0;14.999999999999998;-0.00017840566440490557;917.239501953125;34.5611457824707
2016-09-19-0700;-58.865944;14.839444999999998;15.0;14.999999999999998;-0.00018207393630441086;920.2030639648438;34.78212356567383
2016-09-19-0800;-58.844036;15.652563999999998;15.0;14.999999999999998;-0.00019563450396740872;920.9439086914062;34.82822799682617
2016-09-19-0900;-58.830749999999995;16.435022;14.999999999999993;15.0;-0.00017679114464516817;923.168212890625;35.19898986816406
2016-09-19-1000;-58.919273000000004;17.315538;15.000000000000007;15.0;-0.00016071828072937677;929.836181640625;35.86341857910156
2016-09-19-1100;-58.981819;17.991957;15.0;15.0;-0.00019486463083801865;929.0952758789062;35.93316650390625
2016-09-19-1200;-59.07139599999999;18.494516;14.999999999999993;15.0;-0.00022556370561792221;932.058837890625;35.90264129638672
2016-09-19-1300;-59.167891999999995;19.02795;14.999999999999993;15.0;-0.00024527491943562494;932.058837890625;35.56943130493164
2016-09-19-1400;-59.268692;19.578968;15.0;15.0;-0.0002641916102992475;937.9859619140625;35.280452728271484
2016-09-19-1500;-59.363079;20.193638;15.0;15.0;-0.0002714059775691629;942.432861328125;35.16978454589844
2016-09-19-1600;-59.46990199999999;20.811094;14.999999999999993;15.0;-0.0002719985963219232;946.1373291015625;35.33240509033203
2016-09-19-1700;-59.55447000000001;21.507078;15.000000000000007;15.0;-0.00026327466533505666;952.0643920898438;35.517887115478516
2016-09-19-1800;-59.64867000000001;22.157412;15.000000000000007;15.0;-0.0002513592290970614;955.0279541015625;35.60681915283203
2016-09-19-1900;-59.74488099999999;22.772831;14.999999999999993;15.0;-0.00025494862677158956;958.7340087890625;36.39180374145508
2016-09-19-2000;-59.80811700000001;23.340229;15.000000000000007;15.0;-0.0002694559392731056;961.697509765625;36.720672607421875
2016-09-19-2100;-59.824139;23.854542;15.0;15.0;-0.00031678392775799354;960.2157592773438;36.673885345458984
2016-09-19-2200;-59.919216000000006;23.685392;15.000000000000007;15.0;-0.0003161692150900819;969.1063842773438;35.39013671875
2016-09-19-2300;-59.997765;24.095387;15.0;15.0;-0.00036034543968344295;966.1428833007812;35.81882858276367
2016-09-20-0000;-60.05908199999999;24.523866999999996;14.999999999999993;14.999999999999996;-0.0004180630332585672;966.1428833007812;38.081268310546875
2016-09-20-0100;-60.159267;24.957851000000005;15.0;15.000000000000004;-0.0004219288136914265;963.1793212890625;38.95196533203125
2016-09-20-0200;-60.23061;25.488405;15.0;15.0;-0.0003999856345663117;961.697509765625;39.58328628540039
2016-09-20-0300;-60.304321;25.904061999999996;15.0;14.999999999999996;-0.0004181085857714411;962.4384155273438;39.391563415527344
2016-09-20-0400;-60.358104999999995;26.460347999999996;14.999999999999993;14.999999999999996;-0.00041058954588507504;960.2157592773438;39.498294830322266
2016-09-20-0500;-60.336094;26.996893;15.0;15.0;-0.0004348351452374421;960.2157592773438;40.231407165527344
2016-09-20-0600;-60.37892500000001;27.615342999999996;15.000000000000007;14.999999999999996;-0.0004484234370166548;960.2157592773438;40.34783935546875
2016-09-20-0700;-60.474177999999995;28.225668;14.999999999999993;15.0;-0.000444589420821225;957.2506103515625;40.47481918334961
2016-09-20-0800;-60.622082000000006;28.796213;15.000000000000007;15.0;-0.0004687712614072445;957.9931030273438;41.5269775390625
2016-09-20-0900;-60.73804100000001;29.260126;15.000000000000007;15.0;-0.00046623624962244194;953.5462036132812;41.86017608642578
2016-09-20-1000;-60.744236;29.237621000000004;15.0;15.000000000000004;-0.0004302596181033873;959.474853515625;42.57730484008789
2016-09-20-1100;-60.86421200000001;29.743029;15.000000000000007;15.0;-0.00044354683681474533;957.9931030273438;41.64098358154297
2016-09-20-1200;-60.986141;30.164423;15.0;15.0;-0.00043231926775582854;952.8052978515625;40.735435485839844
2016-09-20-1300;-61.037589999999994;30.545116;14.999999999999993;15.0;-0.0004257917790459437;952.8052978515625;40.04194259643555
2016-09-20-1400;-61.04548299999999;30.745066;14.999999999999993;15.0;-0.0004320924631899439;951.323486328125;38.79148864746094
2016-09-20-1500;-61.083965000000006;31.011707;15.000000000000007;15.0;-0.00041276400604881713;948.3599853515625;37.59886932373047
2016-09-20-1600;-61.169247;31.320835000000002;15.0;15.000000000000004;-0.00040198673959379995;943.9146118164062;36.80128479003906
2016-09-20-1700;-61.26662400000001;31.672184;15.000000000000007;15.0;-0.0003939143739676537;943.1737670898438;36.405914306640625
2016-09-20-1800;-61.43194600000001;32.065922;15.000000000000007;15.0;-0.0003650490022345704;941.6919555664062;36.260528564453125
2016-09-20-1900;-61.631321;32.402225;15.0;15.0;-0.00037081983271480644;938.726806640625;36.30915069580078
2016-09-20-2000;-61.77452099999999;32.759926;14.999999999999993;15.0;-0.0003440464493559829;938.726806640625;36.3147087097168
2016-09-20-2100;-61.937340000000006;33.193447;15.000000000000007;15.0;-0.00033013946678327893;935.0223999023438;36.35728073120117
2016-09-20-2200;-62.09883099999999;32.748222;14.999999999999993;15.0;-0.00035126704352299526;932.7997436523438;36.89037322998047
2016-09-20-2300;-62.168983;33.020885;15.0;15.0;-0.00034890527726212715;932.7997436523438;36.29070281982422
2016-09-21-0000;-62.24285499999999;33.189705;14.999999999999993;15.0;-0.0003309345535676448;925.390869140625;35.64968490600586
2016-09-21-0100;-62.380505;33.48782;15.0;15.0;-0.0002963092724783914;924.6499633789062;35.716739654541016
2016-09-21-0200;-62.56824900000001;33.93364;15.000000000000007;15.0;-0.0002905837546222646;922.4273071289062;34.849830627441406
2016-09-21-0300;-62.725155;34.264385;15.0;15.0;-0.00027660213757696754;917.239501953125;34.37885284423828
2016-09-21-0400;-62.904701;34.610016;15.0;15.0;-0.00027166679192704683;917.239501953125;34.82495880126953
2016-09-21-0500;-63.06597099999999;34.99382;14.999999999999993;15.0;-0.0002740988653681115;913.5350341796875;34.91566467285156
2016-09-21-0600;-63.19355;35.299519;15.0;15.0;-0.00028781810828677756;912.794189453125;35.777313232421875
2016-09-21-0700;-63.20178200000001;35.528149;15.000000000000007;15.0;-0.00028664969456877867;909.0897216796875;37.132659912109375
2016-09-21-0800;-63.253592999999995;35.747948;14.999999999999993;15.0;-0.00027664047783103747;908.348876953125;38.19063949584961
2016-09-21-0900;-63.283535;35.898285;15.0;15.0;-0.0002616698930236874;907.6079711914062;38.9142951965332
2016-09-21-1000;-63.31691699999999;36.112118;14.999999999999993;15.0;-0.00024728412527498295;909.0897216796875;40.347328186035156
2016-09-21-1100;-63.342327;36.35556;15.0;15.0;-0.00023502817002383293;909.8306274414062;40.480224609375
2016-09-21-1200;-63.374618999999996;36.574173;14.999999999999993;15.0;-0.00023004016180736762;907.6079711914062;40.474632263183594
2016-09-21-1300;-63.361942;36.768665;15.0;15.0;-0.00023264979128260192;903.9035034179688;39.97113800048828
2016-09-21-1400;-63.451881;36.884201;15.0;15.0;-0.00024074554108923524;906.1261596679688;39.82939910888672
2016-09-21-1500;-63.516407;36.991589;15.0;15.0;-0.00024173895666194418;904.6444091796875;39.59847640991211
2016-09-21-1600;-63.55193700000001;37.079758;15.000000000000007;15.0;-0.00026075426881542996;906.8670654296875;39.28032684326172
2016-09-21-1700;-63.612067999999994;37.216751;14.999999999999993;15.0;-0.0002400155124047441;906.1261596679688;39.36674118041992
2016-09-21-1800;-63.650097;37.359562;15.0;15.0;-0.0002401063464708906;906.1261596679688;39.5476188659668
2016-09-21-1900;-63.694546;37.408901;15.0;15.0;-0.00022255843652096936;909.0897216796875;39.33597946166992
2016-09-21-2000;-63.74770699999999;37.317505;14.999999999999993;15.0;-0.00021142407623769285;906.8670654296875;39.861942291259766
2016-09-21-2100;-63.79866;37.107094;15.0;15.0;-0.00020912161168087695;913.5350341796875;40.108943939208984
2016-09-21-2200;-63.766121;37.172173;15.0;15.0;-0.00018668472771408046;926.1317138671875;39.752708435058594
2016-09-21-2300;-63.765221;36.894405;15.0;15.0;-0.00018094704181864695;926.8726196289062;38.660404205322266
2016-09-22-0000;-63.70429200000001;36.693195;15.000000000000007;15.0;-0.00019166934596218031;920.9439086914062;37.91805648803711
2016-09-22-0100;-63.711586;36.399246;15.0;15.0;-0.00019628586025062812;926.1317138671875;36.74806594848633
2016-09-22-0200;-63.68497099999999;36.192245;14.999999999999993;15.0;-0.00019421967838048404;926.8726196289062;35.889564514160156
2016-09-22-0300;-63.702526000000006;36.083038;15.000000000000007;15.0;-0.00017808232467250514;932.058837890625;35.4143180847168
2016-09-22-0400;-63.72603599999999;35.981224;14.999999999999993;15.0;-0.0001529582688082801;935.0223999023438;33.929561614990234
2016-09-22-0500;-63.732044;35.902607;15.0;15.0;-0.00015467130136292528;941.6919555664062;32.62382125854492
2016-09-22-0600;-63.70713000000001;35.826813;15.000000000000007;15.0;-0.000170966340452288;946.1373291015625;32.584110260009766
2016-09-22-0700;-63.623417;35.715488;15.0;15.0;-0.00017304652326188374;949.100830078125;33.3497314453125
2016-09-22-0800;-63.50644299999999;35.662231;14.999999999999993;15.0;-0.0001852413460765603;955.0279541015625;33.713748931884766
2016-09-22-0900;-63.344978;35.716366;15.0;15.0;-0.00018744077712429453;959.474853515625;33.821128845214844
2016-09-22-1000;-63.039626999999996;35.91954;14.999999999999993;15.0;-0.0001927219600253475;972.0699462890625;34.307186126708984
2016-09-22-1100;-62.917418999999995;36.19809;14.999999999999993;15.0;-0.0001795894055473081;970.5881958007812;34.35832977294922
2016-09-22-1200;-62.818607;36.511097;15.0;15.0;-0.00016971309367548243;977.2577514648438;33.6351203918457
2016-09-22-1300;-62.647671;36.803001;15.0;15.0;-0.0001720089015061427;981.7030639648438;32.714927673339844
2016-09-22-1400;-62.52323200000001;37.027309;15.000000000000007;15.0;-0.00021472064025315776;990.59375;32.61894607543945
2016-09-22-1500;-62.343716;37.204647;15.0;15.0;-0.0003125509008269472;995.7815551757812;32.742919921875
2016-09-22-1600;-62.133579;37.495071;15.0;15.0;-0.00025253627265604437;1001.7086181640625;33.79265594482422
2016-09-22-1700;-61.900536;37.88718;15.0;15.0;-0.00022916156714121504;1006.1539916992188;33.91559600830078
2016-09-22-1800;-61.73416900000001;38.383205;15.000000000000007;15.0;-0.00022616122113186939;1012.0826416015625;31.8842830657959
2016-09-22-1900;-61.619259;38.927734;15.0;15.0;-0.00021688772849883664;1018.009765625;30.77838134765625
2016-09-22-2000;-61.524021000000005;39.533855;15.000000000000007;15.0;-0.0002313420190989721;1018.7506713867188;30.489604949951172
2016-09-22-2100;-61.406429;40.146862;15.0;15.0;-0.000247608612156095;1026.1595458984375;30.274471282958984
2016-09-22-2200;-60.7813;41.734913;15.0;15.0;-0.00022753275582259246;1032.8291015625;32.57793045043945
2016-09-22-2300;-60.772907000000004;42.275585;15.000000000000007;15.0;-0.0002026098268914912;1035.7926025390625;34.095001220703125
2016-09-23-0000;-60.76998499999999;42.589352;14.999999999999993;15.0;-0.0001790008640435106;1040.238037109375;34.299766540527344
2016-09-23-0100;-60.754898;42.869709;15.0;15.0;-0.00018925341936677347;1042.460693359375;33.78510284423828
2016-09-23-0200;-60.66881599999999;43.295601;14.999999999999993;15.0;-0.0002029510214441695;1048.3892822265625;34.22682571411133
2016-09-23-0300;-60.587597;43.737358;15.0;15.0;-0.00021336630108603446;1049.1302490234375;34.50131607055664
2016-09-23-0400;-60.50877;44.286476;15.0;15.0;-0.00022952230023470278;1056.5390625;35.04472351074219
2016-09-23-0500;-60.43086199999999;44.850082;14.999999999999993;15.0;-0.00024687329252144613;1060.2435302734375;36.3286247253418
2016-09-23-0600;-60.32121699999999;45.368416;14.999999999999993;15.0;-0.00026225310294575847;1064.6888427734375;39.42466354370117
2016-09-23-0700;-60.158016;45.985027;15.0;15.0;-0.00027927572607167023;1058.0208740234375;40.956275939941406
2016-09-23-0800;-59.927685;46.659164;15.0;15.0;-0.0002872762131931962;1050.612060546875;40.55470657348633
2016-09-23-0900;-59.808239;47.30637;15.0;15.0;-0.00029372957629143493;1045.4241943359375;39.94877243041992
2016-09-23-1000;-59.739304000000004;48.475586;15.000000000000007;15.0;-0.0003063461671713144;1043.9423828125;39.098384857177734
2016-09-23-1100;-59.627876;49.157711;15.0;15.0;-0.0002771178333040858;1039.4970703125;39.31240463256836
2016-09-23-1200;-59.45151100000001;49.944424;15.000000000000007;15.0;-0.0002664387820641483;1038.015380859375;38.37070846557617
2016-09-23-1300;-59.215508;50.685242;15.0;15.0;-0.00028333571338723146;1039.4970703125;37.74625015258789
2016-09-23-1400;-58.90724900000001;51.537525;15.000000000000007;15.0;-0.00029513985421132335;1040.238037109375;37.832252502441406
2016-09-23-1500;-58.417370000000005;52.513165;15.000000000000007;15.0;-0.0002821983959023597;1038.7562255859375;38.12305450439453
2016-09-23-1600;-58.247124;53.181965;15.0;15.0;-0.0002452469361433835;1038.7562255859375;38.255889892578125
2016-09-23-1700;-58.20728700000001;53.903164;15.000000000000007;15.0;-0.00024162392076607626;1039.4970703125;38.334163665771484
2016-09-23-1800;-57.942443999999995;54.878281;14.999999999999993;15.0;-0.00023081063652454482;1041.7197265625;38.35479736328125
2016-09-23-1900;-57.876278;55.541916;15.0;15.0;-0.00018687470784152106;1043.9423828125;37.65589904785156
2016-09-23-2000;-57.743916;56.322758;15.0;15.0;-0.00018971579622975178;1043.9423828125;36.64021301269531
2016-09-23-2100;-57.588375;57.231537;15.0;15.0;-0.00019887736074275728;1046.1650390625;36.9467887878418
2016-09-23-2200;-57.690331;57.733639;15.0;15.0;-0.00019501057938677905;1045.4241943359375;41.16320037841797
2016-09-23-2300;-57.669304;58.49741399999999;15.0;14.999999999999993;-0.00019335097254561512;1046.1650390625;40.11469268798828
2016-09-24-0000;-57.67043699999999;59.259422;14.999999999999993;15.0;-0.0002049857049096205;1048.3892822265625;38.84548568725586
2016-09-24-0100;-57.66687400000001;60.00087400000001;15.000000000000007;15.000000000000007;-0.00018344257952391721;1047.6484375;36.120731353759766
2016-09-24-0200;-57.615925000000004;60.741226;15.000000000000007;15.0;-0.00017853122729540716;1049.1302490234375;36.00376510620117
2016-09-24-0300;-57.56004300000001;61.489632;15.000000000000007;15.0;-0.0002020265614559899;1052.09375;36.64099884033203
2016-09-24-0400;-57.528992;62.220299;15.0;15.0;-0.0002157774195173627;1052.09375;35.531612396240234
2016-09-24-0500;-57.46970400000001;62.984505;15.000000000000007;15.0;-0.0002187866589487331;1054.31640625;35.00283432006836
2016-09-24-0600;-57.41433000000001;63.73364599999999;15.000000000000007;14.999999999999993;-0.00021200928184901283;1052.834716796875;35.06935119628906
2016-09-24-0700;-57.34375399999999;64.416908;14.999999999999993;15.0;-0.00021097436723778652;1054.31640625;35.10186004638672
2016-09-24-0800;-57.275295;65.119347;15.0;15.0;-0.00019741582495691094;1055.057373046875;35.159515380859375
2016-09-24-0900;-57.24466699999999;65.808022;14.999999999999993;15.0;-0.00019290480300947842;1052.834716796875;35.20122146606445
2016-09-24-1000;-57.174530000000004;66.63736;15.000000000000007;15.0;-0.0001897125164525065;1048.3892822265625;35.99551773071289
2016-09-24-1100;-57.03842900000001;67.514473;15.000000000000007;15.0;-0.00018846022947207507;1050.612060546875;37.56061935424805
2016-09-24-1200;-56.908615;68.457138;15.0;15.0;-0.0003316859353974384;1048.3892822265625;38.9179801940918
2016-09-24-1300;-56.78126499999999;69.384117;14.999999999999993;15.0;-0.00021555591286281564;1046.906005859375;38.325862884521484
2016-09-24-1400;-56.652542;70.222366;15.0;15.0;-0.00022098823335291688;1047.6484375;38.20112609863281
2016-09-24-1500;-56.54086699999999;71.018806;14.999999999999993;15.0;-0.00016926466659045482;1043.9423828125;37.84049987792969
2016-09-24-1600;-56.426842;71.81662;15.0;15.0;-0.0001707337782361709;1043.2015380859375;37.878719329833984
2016-09-24-1700;-56.297947;72.634796;15.0;15.0;-0.0001909296793382567;1040.238037109375;37.73937225341797
2016-09-24-1800;-56.161751;73.422462;15.0;15.0;-0.00021552781904153257;1040.9788818359375;38.379634857177734
2016-09-24-1900;-56.046597;74.220551;15.0;15.0;-0.00022147534705139072;1041.7197265625;37.824398040771484
2016-09-24-2000;-55.968697;75.074982;15.0;15.0;-0.00024537322817911857;1040.238037109375;38.270877838134766
2016-09-24-2100;-56.011864;76.106598;15.0;15.0;-0.00025891429002629677;1040.238037109375;38.49472427368164
2016-09-24-2200;-56.110916;77.405998;15.0;15.0;-0.00029512973096319594;1039.4970703125;38.26923751831055
2016-09-24-2300;-56.357933;78.585472;15.0;15.0;-0.0002613873932657443;1041.7197265625;38.578697204589844
2016-09-25-0000;-56.673996;79.764717;15.0;15.0;-0.0002264516468504748;1037.2744140625;39.699771881103516
2016-09-25-0100;-56.81754699999999;80.737144;14.999999999999993;15.0;-0.00018946420978208523;1039.4970703125;40.69620132446289
2016-09-25-0200;-57.001048999999995;81.736252;14.999999999999993;15.0;-0.0002070895008996599;1037.2744140625;42.425350189208984
