time;Lat;Lon;length;width;min_zeta_850;min_hgt_850;max_wind_850
1986-12-18-1400;-29.763037;-37.931488;15;15;-0.00010630970895093072;1461.839599609375;22.845338821411133
1986-12-18-1500;-30.39983;-36.709076;15;15;-9.750555512776068e-05;1455.8695068359375;22.449974060058594
1986-12-18-1600;-30.74428;-35.756042;15;15;-0.0001027340245400141;1452.88525390625;23.056472778320312
1986-12-18-1700;-30.875223;-35.125092;15;15;-8.759706655818101e-05;1448.406494140625;23.189096450805664
1986-12-18-1800;-30.774996;-34.868439;15;15;-0.00010299462237058836;1446.91357421875;23.07501220703125
1986-12-18-1900;-31.081078;-34.01123;15;15;-9.230823034321692e-05;1446.91357421875;23.310077667236328
1986-12-18-2000;-31.171465;-33.413239;15;15;-6.911898342268877e-05;1444.6749267578125;23.659605026245117
1986-12-18-2100;-30.990038;-33.253784;15;15;-7.152585663245054e-05;1450.64501953125;22.874147415161133
1986-12-18-2200;-31.680811;-31.5448;15;15;-9.008093718345354e-05;1445.4222412109375;20.423179626464844
1986-12-18-2300;-31.878168;-30.765045;15;15;-0.00010669904453212457;1442.4364013671875;20.013416290283203
1986-12-19-0000;-31.621517;-30.725555;15;15;-0.00011647936164112782;1449.1536865234375;19.438514709472656
1986-12-19-0100;-31.528938;-30.373932;15;15;-0.0001209760603674215;1449.1536865234375;19.3286075592041
1986-12-19-0200;-31.443905;-30.093903;15;15;-0.0001215513354474532;1449.1536865234375;20.371599197387695
1986-12-19-0300;-31.35705;-29.776978;15;15;-0.00011609013658795943;1446.91357421875;19.860794067382812
1986-12-19-0400;-31.112473;-29.781006;15;15;-0.00011052132192578721;1449.8994140625;19.555198669433594
1986-12-19-0500;-30.78886;-29.866089;15;15;-0.00011242396443577942;1450.64501953125;19.064682006835938
1986-12-19-0600;-31.22912;-28.778107;15;15;-8.552165493691798e-05;1449.1536865234375;19.053462982177734
1986-12-19-0700;-31.619856;-27.762054;15;15;-6.77085975142933e-05;1445.4222412109375;19.20240592956543
1986-12-19-0800;-31.093565;-28.024811;15;15;-8.998669539216005e-05;1455.8695068359375;19.334623336791992
1986-12-19-0900;-31.001474;-27.639618;15;15;-8.921748950901252e-05;1459.60107421875;19.23894500732422
1986-12-19-1000;-30.875067;-27.17749;15;15;-9.915335070161178e-05;1467.809814453125;18.744400024414062
1986-12-19-1100;-30.850836;-26.831573;15;15;-9.551548807957808e-05;1469.302734375;18.105052947998047
1986-12-19-1200;-30.530436;-27.038849;15;15;-8.707050630706374e-05;1475.2728271484375;17.14789390563965
1986-12-19-1300;-30.569214;-26.823578;15;15;-8.52769323059235e-05;1476.0184326171875;18.295196533203125
1986-12-19-1400;-30.717402;-26.437805;15;15;-9.278827927094864e-05;1474.527099609375;20.01323127746582
1986-12-19-1500;-30.693169;-26.198914;15;15;-9.687328394697958e-05;1473.7799072265625;20.076433181762695
1986-12-19-1600;-30.842028;-25.606293;15;15;-9.938393480124536e-05;1475.2728271484375;20.741899490356445
1986-12-19-1700;-30.809652;-25.263611;15;15;-0.00010672095221677328;1475.2728271484375;19.849313735961914
1986-12-19-1800;-30.737001;-24.958588;15;15;-0.00011183720879576118;1477.5113525390625;18.94384002685547
1986-12-19-1900;-30.782619;-24.551758;15;15;-0.0001150775731326622;1476.7657470703125;16.53006362915039
1986-12-19-2000;-30.818279;-24.087402;15;15;-0.00011549005295708495;1476.0184326171875;16.286436080932617
1986-12-19-2100;-30.903561;-23.625854;15;15;-0.00011902031621136168;1481.990234375;15.835805892944336
1986-12-19-2200;-30.121639;-24.32959;15;15;-5.518926177337379e-05;1489.45166015625;14.685919761657715
1986-12-19-2300;-30.083197;-24.136719;15;15;-5.681139732792242e-05;1492.4375;14.334956169128418
1986-12-20-0000;-30.314632;-23.325745;15;15;-7.709634307356462e-05;1487.2130126953125;14.278305053710938
1986-12-20-0100;-30.8983;-21.997406;15;15;-8.173846662170534e-05;1473.0341796875;14.301549911499023
1986-12-20-0200;-30.964403;-21.482422;15;15;-8.005534493460428e-05;1473.0341796875;14.063606262207031
1986-12-20-0300;-30.83313;-21.363892;15;15;-8.272297264476986e-05;1473.0341796875;13.847153663635254
1986-12-20-0400;-31.325495;-20.230499;15;15;-8.651987202461145e-05;1464.8255615234375;13.786274909973145
1986-12-20-0500;-31.434965;-19.814606;15;15;-9.495429762705664e-05;1465.5711669921875;13.860797882080078
1986-12-20-0600;-31.435444;-19.641327;15;15;-8.400084117030018e-05;1469.302734375;14.23755931854248
1986-12-20-0700;-31.580957;-19.091003;15;15;-8.513582620997717e-05;1468.5570068359375;14.315455436706543
1986-12-20-0800;-31.412964;-19.169769;15;15;-7.866808374586043e-05;1473.7799072265625;13.825258255004883
1986-12-20-0900;-31.327454;-19.241852;15;15;-6.844016336766221e-05;1478.2586669921875;13.402173042297363
