time;Lat;Lon;length;width;min_zeta_850;min_hgt_850;max_wind_850
2002-08-07-2200;-31.936059999999998;-60.762726;14.999999999999996;15.0;-7.981856159888198e-05;1351.2720947265625;24.215450286865234
2002-08-07-2300;-32.313519;-60.176666;15.0;15.0;-7.477739632616494e-05;1359.993896484375;23.42658805847168
2002-08-08-0000;-32.476814;-59.80908199999999;15.0;14.999999999999993;-8.606575289156617e-05;1365.807861328125;23.392671585083008
2002-08-08-0100;-32.599854;-59.554901;15.0;15.0;-8.659087348791494e-05;1375.9827880859375;22.93988800048828
2002-08-08-0200;-32.804039;-59.196594000000005;15.0;15.000000000000007;-9.109484571526848e-05;1381.7967529296875;21.003555297851562
2002-08-08-0300;-32.941399;-58.968536;15.0;15.0;-8.778385948300728e-05;1389.7918701171875;21.31475067138672
2002-08-08-0400;-33.115284;-58.73739599999999;15.0;14.999999999999993;-8.082993229821967e-05;1394.15283203125;21.610000610351562
2002-08-08-0500;-33.313839;-58.464783;15.0;15.0;-8.104026967806301e-05;1399.966796875;20.903804779052734
2002-08-08-0600;-33.363598;-58.161957;15.0;15.0;-8.370148160702098e-05;1407.9620361328125;20.000415802001953
2002-08-08-0700;-33.304749;-57.889160000000004;15.0;15.000000000000007;-9.087486803724682e-05;1421.044677734375;22.725154876708984
2002-08-08-0800;-33.321396;-57.489532;15.0;15.0;-0.0001138391113031865;1430.492919921875;23.7174072265625
2002-08-08-0900;-33.317562;-57.122772;15.0;15.0;-0.00013751484680743652;1442.847412109375;22.9433650970459
2002-08-08-1000;-34.092678;-57.486237;15.0;15.0;-0.00012033271333410875;1445.0286865234375;25.045669555664062
2002-08-08-1100;-34.166878;-57.181122;15.0;15.0;-0.00012295016595490984;1442.120849609375;23.576766967773438
2002-08-08-1200;-34.166187;-56.94375600000001;15.0;15.000000000000007;-0.00012648659109425143;1443.5755615234375;22.355356216430664
2002-08-08-1300;-34.178616;-56.88110399999999;15.0;14.999999999999993;-0.00013961257841089565;1445.0286865234375;21.2249755859375
2002-08-08-1400;-34.218662;-56.84738200000001;15.0;15.000000000000007;-0.0001395767389443964;1445.0286865234375;22.751567840576172
2002-08-08-1500;-34.220337;-56.781555;15.0;15.0;-0.00015284158348678647;1446.4818115234375;23.636577606201172
2002-08-08-1600;-34.189899;-56.557373;15.0;15.0;-0.00015489654881742392;1445.0286865234375;24.10700225830078
2002-08-08-1700;-34.1045;-56.410736;15.0;15.0;-0.00013950554936458404;1442.847412109375;24.27802276611328
2002-08-08-1800;-34.153172;-56.276611;15.0;15.0;-0.000143720275176816;1437.033447265625;25.140613555908203
2002-08-08-1900;-34.25375;-56.144653;15.0;15.0;-0.0001460302160498703;1436.306884765625;25.960222244262695
2002-08-08-2000;-34.379669;-55.977173;15.0;15.0;-0.00015365364560378922;1434.853759765625;26.293636322021484
2002-08-08-2100;-34.572433;-55.842682;15.0;15.0;-0.0001750777435908688;1435.580322265625;26.989253997802734
2002-08-08-2200;-34.947269;-55.437256;15.0;15.0;-0.00017722285467784948;1434.853759765625;27.59504508972168
2002-08-08-2300;-35.307106;-55.343719;15.0;15.0;-0.00018572234616530465;1431.946044921875;28.611534118652344
2002-08-09-0000;-36.529816;-55.723267;15.0;15.0;-0.0002060789918342849;1423.9508056640625;29.212881088256836
2002-08-09-0100;-37.394939;-56.042358;15.0;15.0;-0.00022481928243180414;1420.318115234375;29.88624382019043
2002-08-09-0200;-37.46764;-55.767242;15.0;15.0;-0.0002492403474864155;1413.7760009765625;30.603015899658203
2002-08-09-0300;-37.135803;-55.168701;15.0;15.0;-0.0002784236668672734;1405.7823486328125;31.104188919067383
2002-08-09-0400;-37.143192;-54.788086;15.0;15.0;-0.00029895662089897846;1399.240234375;31.042844772338867
2002-08-09-0500;-36.964775;-54.198944;15.0;15.0;-0.0002964132270550721;1387.6123046875;31.077547073364258
2002-08-09-0600;-36.984852;-53.774048;15.0;15.0;-0.0002965321245212686;1377.4373779296875;31.53282928466797
2002-08-09-0700;-37.076729;-53.353851;15.0;15.0;-0.0002999506350403879;1363.628173828125;32.98912048339844
2002-08-09-0800;-37.158161;-52.955231;15.0;15.0;-0.00030906548260852765;1355.633056640625;34.78585433959961
2002-08-09-0900;-37.380413;-52.687744;15.0;15.0;-0.0003014093023873355;1346.9112548828125;35.590091705322266
2002-08-09-1000;-37.316673;-51.965912;15.0;15.0;-0.00028478273105926306;1341.8238525390625;36.72785186767578
2002-08-09-1100;-37.187889;-51.463348;15.0;15.0;-0.00028608154764877744;1336.7364501953125;37.52756118774414
2002-08-09-1200;-37.121685;-51.042847;15.0;15.0;-0.00029116094843148824;1331.64892578125;39.14960861206055
2002-08-09-1300;-37.319302;-50.579712;15.0;15.0;-0.0003302742294717152;1330.1959228515625;40.361228942871094
2002-08-09-1400;-37.571365;-50.235626;15.0;15.0;-0.00034990761907732537;1316.38671875;40.945735931396484
2002-08-09-1500;-37.816376;-49.862;15.0;15.0;-0.00036302018681814454;1300.396240234375;42.08561325073242
2002-08-09-1600;-38.089119;-49.605621;15.0;15.0;-0.00036065303753632475;1279.3199462890625;42.917457580566406
2002-08-09-1700;-38.313786;-49.307739;15.0;15.0;-0.000365249638337869;1256.0625;43.805702209472656
2002-08-09-1800;-38.534653;-49.059204;15.0;15.0;-0.0003755582106483991;1240.8001708984375;44.880287170410156
2002-08-09-1900;-38.689915;-48.701263;15.0;15.0;-0.00040354657795504967;1226.9910888671875;44.32449722290039
2002-08-09-2000;-38.880222;-48.357391;15.0;15.0;-0.000450737228861722;1217.542724609375;45.92622375488281
2002-08-09-2100;-39.205711;-48.080658;15.0;15.0;-0.0004735299976821771;1210.2740478515625;47.20481491088867
2002-08-09-2200;-39.204708;-47.621552;15.0;15.0;-0.0004836735518555053;1213.181884765625;49.0546875
2002-08-09-2300;-39.441795;-47.323212;15.0;15.0;-0.0004857860740402076;1201.55224609375;48.519996643066406
2002-08-10-0000;-39.630817;-46.94574;15.0;15.0;-0.0004685832488145257;1193.5587158203125;46.57118606567383
2002-08-10-0100;-39.793682;-46.639496;15.0;15.0;-0.0004339953414973702;1187.0166015625;45.199249267578125
2002-08-10-0200;-40.039143;-46.54715;15.0;15.0;-0.0003800878623795203;1184.1103515625;45.17741775512695
2002-08-10-0300;-40.153172;-46.182281;15.0;15.0;-0.00037274435151588096;1179.74951171875;44.91150665283203
2002-08-10-0400;-40.408428;-46.058502;15.0;15.0;-0.00036783272105218433;1174.662109375;44.061580657958984
2002-08-10-0500;-40.568016;-45.762909;15.0;15.0;-0.0003747600278680678;1169.5745849609375;43.314430236816406
2002-08-10-0600;-40.765598;-45.467621;15.0;15.0;-0.00037601914051702597;1166.6668701171875;43.783931732177734
2002-08-10-0700;-40.988152;-45.175781;15.0;15.0;-0.0003685071338935403;1164.4871826171875;44.09162902832031
2002-08-10-0800;-41.152897;-44.89093;15.0;15.0;-0.00035387808042865816;1167.3934326171875;42.85489273071289
2002-08-10-0900;-41.290264;-44.500183;15.0;15.0;-0.0003395733892349738;1173.208984375;41.71176528930664
2002-08-10-1000;-41.198521;-43.888123;15.0;15.0;-0.0003162735116195416;1184.1103515625;41.75838088989258
2002-08-10-1100;-41.319649;-43.553864;15.0;15.0;-0.0002882885218383967;1186.2900390625;41.214290618896484
2002-08-10-1200;-41.483505;-43.192596;15.0;15.0;-0.0002723669587757347;1190.65087890625;40.88907241821289
2002-08-10-1300;-41.691635;-42.786896;15.0;15.0;-0.00027006351291780363;1192.10400390625;41.120758056640625
2002-08-10-1400;-41.798176;-42.42981;15.0;15.0;-0.000283070669040389;1192.10400390625;41.85580825805664
2002-08-10-1500;-41.949951;-41.990204;15.0;15.0;-0.0002875811411602486;1192.10400390625;41.338157653808594
2002-08-10-1600;-42.078049;-41.515533;15.0;15.0;-0.0002775228539641225;1187.0166015625;41.107757568359375
2002-08-10-1700;-42.211037;-41.072357;15.0;15.0;-0.00026920478085680944;1186.2900390625;40.8984260559082
2002-08-10-1800;-42.391937;-40.540985;15.0;15.0;-0.00026117404723501525;1187.0166015625;39.681976318359375
2002-08-10-1900;-42.578907;-40.064514;15.0;15.0;-0.00026266040678893176;1190.65087890625;39.33363723754883
2002-08-10-2000;-42.792534;-39.634277;15.0;15.0;-0.0002575302866197656;1195.73828125;39.47789001464844
2002-08-10-2100;-42.946735;-39.136963;15.0;15.0;-0.00025586361302823;1200.8258056640625;39.37545394897461
2002-08-10-2200;-42.944618;-38.586395;15.0;15.0;-0.00025065803329629705;1211.0006103515625;38.62948989868164
2002-08-10-2300;-43.058777;-38.036926;15.0;15.0;-0.00025157937306933225;1216.089599609375;38.487430572509766
2002-08-11-0000;-43.135555;-37.386993;15.0;15.0;-0.00024706620606062765;1215.3614501953125;38.253196716308594
2002-08-11-0100;-43.317131;-36.923187;15.0;15.0;-0.00024220688498020968;1216.816162109375;38.04744338989258
2002-08-11-0200;-43.532585;-36.400879;15.0;15.0;-0.00024250053267946446;1218.269287109375;37.307167053222656
2002-08-11-0300;-43.805283;-35.991425;15.0;15.0;-0.00023869531512688715;1221.903564453125;36.917266845703125
2002-08-11-0400;-44.098091;-35.555908;15.0;15.0;-0.000229387400825727;1218.995849609375;36.27070617675781
2002-08-11-0500;-44.383064;-35.096588;15.0;15.0;-0.00021911924247776615;1211.728759765625;35.555301666259766
2002-08-11-0600;-44.62373;-34.640839;15.0;15.0;-0.00020931659430165536;1206.641357421875;33.04177474975586
2002-08-11-0700;-44.884216;-34.224548;15.0;15.0;-0.0002210314604737756;1203.0069580078125;29.35738182067871
2002-08-11-0800;-45.144405;-33.829376;15.0;15.0;-0.0002842250043211908;1200.0992431640625;28.99590301513672
2002-08-11-0900;-45.408401;-33.451904;15.0;15.0;-0.0003060564694327655;1200.8258056640625;28.63494110107422
2002-08-11-1000;-45.612114;-33.221893;15.0;15.0;-0.00030192278738243376;1199.3726806640625;29.361848831176758
2002-08-11-1100;-45.813652;-32.723663;15.0;15.0;-0.00028211711479995483;1200.8258056640625;29.767223358154297
2002-08-11-1200;-46.124165;-32.381775;15.0;15.0;-0.00024151083896714704;1200.8258056640625;29.843551635742188
2002-08-11-1300;-46.640957;-32.503021;15.0;15.0;-0.00021323705108882216;1200.8258056640625;29.269821166992188
2002-08-11-1400;-47.411522;-33.125183;15.0;15.0;-0.00020164953529683153;1200.0992431640625;28.52332305908203
