time;Lat;Lon;length;width;min_zeta_850;min_hgt_850;max_wind_850
1992-07-14-1100;-24.832578999999996;-59.37292500000001;14.999999999999996;15.000000000000007;-0.0003918802435625931;1002.2869873046875;36.537330627441406
1992-07-14-1200;-24.294373;-59.365723;15.0;15.0;-0.0004298588834203836;1004.5160522460938;37.09648895263672
1992-07-14-1300;-24.650101;-59.03930700000001;15.0;15.000000000000007;-0.000537270868349273;1010.4591064453125;37.62514877319336
1992-07-14-1400;-24.654627000000005;-58.826385;15.000000000000004;15.0;-0.0005543846382533174;1013.4306030273438;36.45419692993164
1992-07-14-1500;-24.396227;-58.73159799999999;15.0;14.999999999999993;-0.0005646205575504186;1017.1445922851562;36.9162483215332
1992-07-14-1600;-24.508425000000003;-58.499663999999996;15.000000000000004;14.999999999999993;-0.0005069003388742706;1020.8601684570312;37.24015426635742
1992-07-14-1700;-24.593918000000002;-58.217865;15.000000000000004;15.0;-0.00045812437939650073;1022.3451538085938;38.05535888671875
1992-07-14-1800;-24.552692;-57.9841;15.0;15.0;-0.00038064837267247223;1026.060791015625;39.33167266845703
1992-07-14-1900;-24.159452;-57.965637;15.0;15.0;-0.0003723652924140237;1027.545654296875;40.269371032714844
1992-07-14-2000;-23.979141;-57.894897;15.0;15.0;-0.0003469018071324102;1029.0322265625;40.78580093383789
1992-07-14-2100;-23.781261;-57.746216000000004;15.0;15.000000000000007;-0.000370774006536178;1028.2882080078125;41.12150192260742
1992-07-14-2200;-23.346542;-57.715667999999994;15.0;14.999999999999993;-0.0003432925523671455;1026.060791015625;42.990745544433594
1992-07-14-2300;-23.128586;-57.622772;15.0;15.0;-0.0003675070532355134;1026.060791015625;42.715576171875
1992-07-15-0000;-22.939972;-57.532196;15.0;15.0;-0.00039801885759299714;1026.80322265625;42.4341926574707
1992-07-15-0100;-22.685961;-57.527893000000006;15.0;15.000000000000007;-0.0003808990296018905;1028.2882080078125;42.22832107543945
1992-07-15-0200;-22.352821;-57.541686999999996;15.0;14.999999999999993;-0.00039173028085526696;1025.316650390625;42.2640266418457
1992-07-15-0300;-22.189148;-57.429137999999995;15.0;14.999999999999993;-0.00041933246941845096;1027.545654296875;42.04880142211914
1992-07-15-0400;-21.940357;-57.368713;15.0;15.0;-0.0004400836595946044;1028.2882080078125;41.469417572021484
1992-07-15-0500;-21.582764;-57.425354;15.0;15.0;-0.00047592219476484324;1029.7747802734375;41.54084396362305
1992-07-15-0600;-21.631212;-57.15261799999999;15.0;14.999999999999993;-0.0004968404253610938;1032.7462158203125;40.85136032104492
1992-07-15-0700;-21.571314;-56.97818000000001;15.0;15.000000000000007;-0.0004991548209286278;1029.0322265625;41.17259979248047
1992-07-15-0800;-21.564255;-56.749054;15.0;15.0;-0.0005187322453385043;1027.545654296875;41.48112487792969
1992-07-15-0900;-21.516392;-56.62792999999999;15.0;14.999999999999993;-0.0005403894010468017;1027.545654296875;41.58028793334961
1992-07-15-1000;-21.473307;-56.440521;15.0;15.0;-0.0005580246975839359;1033.48876953125;42.84934616088867
1992-07-15-1100;-21.582394;-56.279541;15.0;15.0;-0.0005540619245048792;1032.0037841796875;44.422183990478516
1992-07-15-1200;-21.474997;-56.396606;15.0;15.0;-0.0005268724799066005;1032.0037841796875;45.42523193359375
1992-07-15-1300;-21.512877;-56.416077;15.0;15.0;-0.0005114927639648073;1026.80322265625;45.851051330566406
1992-07-15-1400;-21.67864;-56.322357;15.0;15.0;-0.00048084419007742485;1026.060791015625;46.15986633300781
1992-07-15-1500;-22.283026;-55.831177;15.0;15.0;-0.0004774409459633171;1020.8601684570312;45.88666915893555
1992-07-15-1600;-23.400654;-54.832825;15.0;15.0;-0.000433256928905887;1021.6026611328125;45.52058410644531
1992-07-15-1700;-23.846214;-54.545105;15.0;15.0;-0.00036404859600647;1020.1160888671875;45.17514419555664
1992-07-15-1800;-23.945818;-54.57428;15.0;15.0;-0.00034880180736956143;1019.3736572265625;44.64934158325195
1992-07-15-1900;-23.80843;-54.681122;15.0;15.0;-0.0003553787530067562;1016.402099609375;44.918907165527344
1992-07-15-2000;-23.745028;-54.713104;15.0;15.0;-0.00038957649886413895;1015.65966796875;45.710243225097656
1992-07-15-2100;-23.63323;-54.795898;15.0;15.0;-0.0004266470839024834;1012.6881103515625;45.69419860839844
1992-07-15-2200;-23.41564;-55.045074;15.0;15.0;-0.0005899717511183496;1005.258544921875;44.28553771972656
1992-07-15-2300;-23.329504;-55.206085;15.0;15.0;-0.0007005475818194815;1007.487548828125;44.593318939208984
1992-07-16-0000;-23.286448;-55.269379;15.0;15.0;-0.0007151600410622207;1005.258544921875;45.49937438964844
1992-07-16-0100;-23.270086;-55.307587;15.0;15.0;-0.0005623148448656508;1003.0310668945312;46.4003791809082
1992-07-16-0200;-23.239811;-55.379578;15.0;15.0;-0.0004018056174857266;998.572998046875;46.67186737060547
1992-07-16-0300;-23.393211;-55.338165;15.0;15.0;-0.0003719145203342775;990.4009399414062;47.444095611572266
1992-07-16-0400;-23.513226;-55.27475;15.0;15.0;-0.00038300014167479433;983.7154541015625;48.3226203918457
1992-07-16-0500;-23.663584;-55.266022;15.0;15.0;-0.0003813712999370785;980.00146484375;49.31430435180664
1992-07-16-0600;-23.781096;-55.245056;15.0;15.0;-0.000387536127912422;977.0299072265625;48.92731475830078
1992-07-16-0700;-23.951468;-55.193726;15.0;15.0;-0.0003705117944091166;975.5433349609375;49.412567138671875
1992-07-16-0800;-24.094088;-55.032959;15.0;15.0;-0.00037317633711296414;977.7723999023438;49.542518615722656
1992-07-16-0900;-24.204683;-54.892914;15.0;15.0;-0.00036124104348405283;978.514892578125;49.18148422241211
1992-07-16-1000;-24.401812;-54.610718;15.0;15.0;-0.0003293268785095504;979.2573852539062;51.24207305908203
1992-07-16-1100;-24.53483;-54.623688;15.0;15.0;-0.00032027357165165146;977.7723999023438;49.28955078125
1992-07-16-1200;-24.657965000000004;-54.659637;15.000000000000004;15.0;-0.0003269007144739456;974.8009033203125;48.397212982177734
1992-07-16-1300;-24.751621;-54.683868;15.0;15.0;-0.0003562758998076678;978.514892578125;47.646358489990234
1992-07-16-1400;-24.787350000000004;-54.720795;15.000000000000004;15.0;-0.000393340126690791;980.00146484375;47.45912170410156
1992-07-16-1500;-24.813637;-54.771759;15.0;15.0;-0.0004062264980315172;982.9729614257812;46.64356994628906
1992-07-16-1600;-24.844954;-54.832458;15.0;15.0;-0.00041325481055552786;985.2003784179688;46.2829475402832
1992-07-16-1700;-24.887451;-54.817841;15.0;15.0;-0.0004113693923770096;986.6869506835938;46.137855529785156
1992-07-16-1800;-24.952284;-54.801575;15.0;15.0;-0.0004195162353466423;989.658447265625;45.7276611328125
1992-07-16-1900;-24.951897000000002;-54.655548;15.000000000000004;15.0;-0.00048186382445338893;993.3724365234375;45.403690338134766
1992-07-16-2000;-24.976715;-54.629272;15.0;15.0;-0.0005076429582422624;997.83056640625;44.697731018066406
1992-07-16-2100;-24.975386;-54.767273;15.0;15.0;-0.0005118067908356933;1000.0595703125;43.839088439941406
1992-07-16-2200;-24.865268999999998;-54.83252;14.999999999999996;15.0;-0.0004778574498030552;1008.2300415039062;45.091339111328125
1992-07-16-2300;-24.847848999999997;-55.136261;14.999999999999996;15.0;-0.00043802303441903235;1013.4306030273438;45.25752639770508
1992-07-17-0000;-24.846636000000004;-55.551208;15.000000000000004;15.0;-0.00037939229001687314;1018.6311645507812;45.608341217041016
1992-07-17-0100;-24.874814999999998;-56.077911;14.999999999999996;15.0;-0.00034130999753498726;1021.6026611328125;45.717933654785156
1992-07-17-0200;-24.96586;-56.450195;15.0;15.0;-0.0003402437484169141;1024.57421875;45.85535430908203
1992-07-17-0300;-25.058687;-56.79272499999999;15.0;14.999999999999993;-0.0003771363095542422;1025.316650390625;45.87601089477539
1992-07-17-0400;-25.200495000000004;-56.928101;15.000000000000004;15.0;-0.00040133783386824587;1029.7747802734375;46.045555114746094
1992-07-17-0500;-25.367325;-56.95779400000001;15.0;15.000000000000007;-0.00038563237426805785;1034.975341796875;46.002593994140625
1992-07-17-0600;-25.445316;-57.05304000000001;15.0;15.000000000000007;-0.0004418865439949227;1041.6607666015625;45.74469757080078
1992-07-17-0700;-25.543512;-57.12271100000001;15.0;15.000000000000007;-0.0005505524090671702;1049.0887451171875;45.78392028808594
1992-07-17-0800;-25.612117999999995;-57.198150999999996;14.999999999999996;14.999999999999993;-0.0005482396648235528;1059.4898681640625;45.684349060058594
1992-07-17-0900;-25.657116000000002;-57.296448;15.000000000000004;15.0;-0.0005096977286052759;1066.9195556640625;45.49396514892578
1992-07-17-1000;-25.828085;-57.20431500000001;15.0;15.000000000000007;-0.0004686341486738399;1073.60498046875;46.21725845336914
1992-07-17-1100;-25.80175;-57.306824000000006;15.0;15.000000000000007;-0.00043120139579259865;1075.8341064453125;44.25990295410156
1992-07-17-1200;-25.630382999999995;-57.477844000000005;14.999999999999996;15.000000000000007;-0.00045806322879352604;1080.29052734375;43.10526657104492
1992-07-17-1300;-25.575411000000003;-57.542114;15.000000000000004;15.0;-0.000550913223332279;1085.4910888671875;42.325618743896484
1992-07-17-1400;-25.686341999999996;-57.423309;14.999999999999996;15.0;-0.0006174307884833658;1088.462646484375;39.780426025390625
1992-07-17-1500;-25.776192;-57.35025;15.0;15.0;-0.0006404638670907463;1089.9490966796875;38.99531555175781
1992-07-17-1600;-25.611970999999997;-57.489746;14.999999999999996;15.0;-0.0006156273026175981;1093.6630859375;38.49038314819336
1992-07-17-1700;-25.756493;-57.418121;15.0;15.0;-0.0005332221943570982;1094.4056396484375;36.52151870727539
1992-07-17-1800;-25.743763;-57.324341000000004;15.0;15.000000000000007;-0.00046438777821176816;1095.8922119140625;35.22980880737305
1992-07-17-1900;-25.842567000000003;-57.39672899999999;15.000000000000004;14.999999999999993;-0.00041241219585191186;1098.8636474609375;34.22977066040039
1992-07-17-2000;-26.093930999999998;-57.310913;14.999999999999996;15.0;-0.00035075982454846745;1104.0626220703125;32.88791275024414
1992-07-17-2100;-26.169967999999997;-57.288239000000004;14.999999999999996;15.000000000000007;-0.00031206897094072954;1102.57763671875;30.405349731445312
1992-07-17-2200;-26.54813;-57.15097;15.0;15.0;-0.00019429030555463182;1103.3201904296875;28.577253341674805
1992-07-17-2300;-26.460296999999997;-57.078766;14.999999999999996;15.0;-0.0001921686990388961;1110.749755859375;28.96120262145996
1992-07-18-0000;-26.257198000000002;-57.030640000000005;15.000000000000004;15.000000000000007;-0.00019704360794573818;1115.206298828125;26.778343200683594
1992-07-18-0100;-26.097595;-56.96508800000001;15.0;15.000000000000007;-0.00017982542866826602;1118.9202880859375;26.04768180847168
1992-07-18-0200;-26.103462;-56.87207000000001;15.0;15.000000000000007;-0.00016843735538040497;1123.3782958984375;26.0323486328125
1992-07-18-0300;-26.22591;-56.717865;15.0;15.0;-0.00015124406375988212;1129.3212890625;26.1032772064209
1992-07-18-0400;-26.404997;-56.561462000000006;15.0;15.000000000000007;-0.00013808902034868304;1134.5218505859375;26.179035186767578
1992-07-18-0500;-26.538689000000005;-56.464111;15.000000000000004;15.0;-0.00015018023207729464;1138.9783935546875;26.071115493774414
1992-07-18-0600;-26.777896999999996;-56.311249;14.999999999999996;15.0;-0.00016195360287392022;1143.4364013671875;26.554100036621094
1992-07-18-0700;-27.159523;-56.078033;15.0;15.0;-0.00014808522991093225;1147.150390625;26.861783981323242
1992-07-18-0800;-27.704071;-55.771606;15.0;15.0;-0.00014924873247784508;1153.8359375;27.230363845825195
1992-07-18-0900;-28.42732;-55.39212;15.0;15.0;-0.0001594512209782923;1159.0364990234375;27.49815559387207
1992-07-18-1000;-30.420855000000003;-55.28656;15.000000000000004;15.0;-0.00016452350721009735;1157.551513671875;28.38335418701172
1992-07-18-1100;-30.622931;-54.898438;15.0;15.0;-0.0001912775740749742;1163.49462890625;28.09488296508789
1992-07-18-1200;-30.875280000000004;-54.620758;15.000000000000004;15.0;-0.00015455698972134386;1165.7236328125;27.619409561157227
1992-07-18-1300;-31.110472;-54.290771;15.0;15.0;-0.0001541889007428007;1170.922607421875;26.942523956298828
1992-07-18-1400;-31.332054;-53.857056;15.0;15.0;-0.00018526743837888248;1175.380615234375;26.468481063842773
1992-07-18-1500;-31.56407;-53.442871;15.0;15.0;-0.0002081265627123996;1179.0946044921875;27.695194244384766
1992-07-18-1600;-31.824263000000002;-52.919861;15.000000000000004;15.0;-0.00022228830998214408;1182.80859375;28.641481399536133
1992-07-18-1700;-32.246212;-52.420868;15.0;15.0;-0.00024078671935274444;1185.7801513671875;28.59861946105957
1992-07-18-1800;-32.568012;-52.044525;15.0;15.0;-0.0002721317945309977;1190.23828125;28.886795043945312
1992-07-18-1900;-33.012314;-51.647644;15.0;15.0;-0.0002956177296516112;1196.1812744140625;30.730165481567383
1992-07-18-2000;-33.51561;-51.351227;15.0;15.0;-0.00031517092857529563;1202.124267578125;31.974506378173828
1992-07-18-2100;-33.867802;-51.105438;15.0;15.0;-0.00030843314687184487;1204.3533935546875;33.41085433959961
1992-07-18-2200;-34.199959;-50.797455;15.0;15.0;-0.00030648752804261325;1201.3818359375;36.29695129394531
1992-07-18-2300;-34.512783;-50.591003;15.0;15.0;-0.00030313798663331095;1205.8382568359375;35.314640045166016
1992-07-19-0000;-34.762695;-50.206238;15.0;15.0;-0.0002866529886148191;1207.3248291015625;35.77012252807617
1992-07-19-0100;-35.078461;-50.120148;15.0;15.0;-0.0002817198425024937;1212.525390625;36.746795654296875
1992-07-19-0200;-35.361763;-49.582123;15.0;15.0;-0.0002964332400973686;1216.2393798828125;38.34662628173828
1992-07-19-0300;-35.643398;-49.395233;15.0;15.0;-0.00030338234604997247;1222.1824951171875;38.85419845581055
1992-07-19-0400;-36.164936;-49.359375;15.0;15.0;-0.00030409547713979257;1228.12548828125;38.844051361083984
1992-07-19-0500;-36.45713;-49.07486;15.0;15.0;-0.00031662512737191484;1229.612060546875;39.407142639160156
1992-07-19-0600;-36.815758;-48.801758;15.0;15.0;-0.0003487461093253203;1235.5550537109375;40.121402740478516
1992-07-19-0700;-37.138355;-48.55722;15.0;15.0;-0.0003589783306705992;1240.0115966796875;40.66917419433594
1992-07-19-0800;-37.607407;-48.592407;15.0;15.0;-0.00035851772707374256;1228.12548828125;43.63081741333008
1992-07-19-0900;-37.946758;-48.299866;15.0;15.0;-0.0004008695894071458;1216.2393798828125;44.7434196472168
1992-07-19-1000;-38.362671;-48.198914;15.0;15.0;-0.0004984917412144449;1185.0377197265625;45.20970153808594
1992-07-19-1100;-38.665691;-47.821533;15.0;15.0;-0.0005219944007393416;1182.80859375;45.825950622558594
1992-07-19-1200;-39.011997;-47.486694;15.0;15.0;-0.0005206854609569329;1173.151611328125;46.49555969238281
1992-07-19-1300;-39.40802;-47.126373;15.0;15.0;-0.00048179162460685015;1164.9794921875;46.14491653442383
1992-07-19-1400;-39.706627;-46.827789;15.0;15.0;-0.00047415963139020974;1155.322509765625;46.19322204589844
1992-07-19-1500;-39.98185;-46.352966;15.0;15.0;-0.00040099188421613625;1143.4364013671875;45.50930404663086
1992-07-19-1600;-40.259407;-46.038116;15.0;15.0;-0.00037683516698561474;1130.0638427734375;45.18239212036133
1992-07-19-1700;-40.512531;-45.658936;15.0;15.0;-0.0003942550004081779;1124.120849609375;45.095706939697266
1992-07-19-1800;-40.770901;-45.292358;15.0;15.0;-0.0004009558571818706;1118.177734375;44.757911682128906
1992-07-19-1900;-41.065174;-44.872437;15.0;15.0;-0.0004302110217705761;1111.4921875;45.00044631958008
1992-07-19-2000;-41.344101;-44.522888;15.0;15.0;-0.0004448323944452126;1110.0057373046875;44.05265426635742
1992-07-19-2100;-41.675869;-44.088928;15.0;15.0;-0.0004471417590277498;1108.520751953125;42.14007568359375
1992-07-19-2200;-41.911438;-43.736938;15.0;15.0;-0.0004435730857187217;1096.6346435546875;42.53904724121094
1992-07-19-2300;-42.180569;-43.383972;15.0;15.0;-0.00042007628005954367;1089.9490966796875;42.00190734863281
1992-07-20-0000;-42.424431;-42.95816;15.0;15.0;-0.00041337827579485733;1089.9490966796875;40.923789978027344
1992-07-20-0100;-42.629368;-42.541443;15.0;15.0;-0.00038737657239325664;1085.4910888671875;41.05416488647461
1992-07-20-0200;-42.767193;-42.126892;15.0;15.0;-0.0003730819956157272;1080.29052734375;40.945003509521484
1992-07-20-0300;-42.948383;-41.682465;15.0;15.0;-0.0003815857301999872;1080.29052734375;41.42594909667969
1992-07-20-0400;-43.080578;-41.223724;15.0;15.0;-0.0003936908180166125;1080.29052734375;40.9716796875
1992-07-20-0500;-43.279957;-40.754517;15.0;15.0;-0.00040233695381613343;1077.3189697265625;41.269832611083984
1992-07-20-0600;-43.436596;-40.275452;15.0;15.0;-0.000513971485357728;1075.0899658203125;41.764373779296875
1992-07-20-0700;-43.631226;-39.772064;15.0;15.0;-0.00050389099779531;1071.3759765625;40.98592758178711
1992-07-20-0800;-43.80645;-39.253662;15.0;15.0;-0.0004227319760492687;1072.862548828125;39.53230285644531
1992-07-20-0900;-43.953995;-38.783325;15.0;15.0;-0.0003961667643538352;1073.60498046875;39.894989013671875
1992-07-20-1000;-44.234032;-38.397278;15.0;15.0;-0.0003994563321476097;1080.29052734375;41.62464141845703
1992-07-20-1100;-44.419807;-37.844452;15.0;15.0;-0.00039390152446263044;1081.777099609375;41.416038513183594
1992-07-20-1200;-44.645611;-37.290161;15.0;15.0;-0.0004212179596683617;1086.97607421875;40.73225784301758
1992-07-20-1300;-44.91581;-36.776367;15.0;15.0;-0.0003984844916081807;1086.2335205078125;39.95491027832031
1992-07-20-1400;-45.135014;-36.267914;15.0;15.0;-0.00033392204207081494;1083.2620849609375;39.75404357910156
1992-07-20-1500;-45.349037;-35.81601;15.0;15.0;-0.00026539092684157555;1078.0615234375;38.932579040527344
1992-07-20-1600;-45.534691;-35.319183;15.0;15.0;-0.00023116056189188242;1073.60498046875;39.69636917114258
1992-07-20-1700;-45.687569;-34.846893;15.0;15.0;-0.0002282914205703372;1072.862548828125;40.515018463134766
1992-07-20-1800;-45.829472;-34.407837;15.0;15.0;-0.000250899117481586;1073.60498046875;41.19518280029297
1992-07-20-1900;-46.006565;-33.937592;15.0;15.0;-0.0002794311827459553;1073.60498046875;42.2082633972168
1992-07-20-2000;-46.144077;-33.42807;15.0;15.0;-0.0002922660129593394;1074.3475341796875;43.122474670410156
1992-07-20-2100;-46.254669;-32.907867;15.0;15.0;-0.0002639306452040554;1074.3475341796875;43.58696365356445
1992-07-20-2200;-46.34478;-32.159515;15.0;15.0;-0.0002721105752332684;1079.548095703125;43.99248504638672
1992-07-20-2300;-46.390476;-31.580658;15.0;15.0;-0.00026066867758321743;1081.032958984375;45.49306869506836
1992-07-21-0000;-46.473114;-30.990021;15.0;15.0;-0.0002554169080834477;1081.777099609375;45.597999572753906
1992-07-21-0100;-46.562542;-30.411133;15.0;15.0;-0.00025271694175955196;1078.8055419921875;45.20710754394531
1992-07-21-0200;-46.758419;-29.783325000000005;15.0;15.000000000000004;-0.00023539609819027632;1081.777099609375;45.066959381103516
1992-07-21-0300;-46.877621;-29.131225999999998;15.0;14.999999999999996;-0.00022063665749337587;1081.032958984375;46.0096435546875
1992-07-21-0400;-47.058899;-28.422791000000004;15.0;15.000000000000004;-0.00019847972806892722;1081.032958984375;46.88203430175781
1992-07-21-0500;-47.171879;-27.644348;15.0;15.0;-0.00019791651949396458;1081.777099609375;46.1585578918457
1992-07-21-0600;-47.299454;-26.846619000000004;15.0;15.000000000000004;-0.00017883570837796473;1077.3189697265625;46.40605163574219
1992-07-21-0700;-47.494038;-26.025085000000004;15.0;15.000000000000004;-0.00017570094573549875;1073.60498046875;45.35927200317383
1992-07-21-0800;-47.620705;-25.21933;15.0;15.0;-0.00018749265002427316;1069.14697265625;44.428321838378906
1992-07-21-0900;-47.762226;-24.443939;15.0;15.0;-0.00019970078891151899;1065.4329833984375;44.869197845458984
1992-07-21-1000;-47.827457;-23.596893;15.0;15.0;-0.00020172240925600744;1062.46142578125;43.45045852661133
1992-07-21-1100;-47.96711;-22.835571;15.0;15.0;-0.00020283395900538552;1060.9764404296875;43.08992004394531
1992-07-21-1200;-48.173798;-22.066284;15.0;15.0;-0.0002052419599917095;1057.2608642578125;42.258419036865234
1992-07-21-1300;-48.391956;-21.298737;15.0;15.0;-0.0002067653459883121;1055.0318603515625;41.46247863769531
1992-07-21-1400;-48.586449;-20.5383;15.0;15.0;-0.00021233060875283186;1051.31787109375;40.62508773803711
1992-07-21-1500;-48.820927;-19.761475;15.0;15.0;-0.0002187013766949405;1047.6038818359375;39.949710845947266
1992-07-21-1600;-49.089539;-18.990143;15.0;15.0;-0.00022816638124306858;1046.861328125;39.17551803588867
1992-07-21-1700;-49.316837;-18.169128;15.0;15.0;-0.0002330455051432708;1046.1173095703125;39.320552825927734
1992-07-21-1800;-49.552269;-17.352081;15.0;15.0;-0.00023272292001948956;1046.1173095703125;38.92792510986328
1992-07-21-1900;-49.762333;-16.529877;15.0;15.0;-0.00022959316216096743;1044.63232421875;38.56947708129883
1992-07-21-2000;-49.961353;-15.714691000000002;15.0;15.000000000000002;-0.00024073361152151162;1043.145751953125;38.06100082397461
1992-07-21-2100;-50.171356;-14.950226;15.0;15.0;-0.00023304638177676715;1043.145751953125;38.04726028442383
1992-07-21-2200;-51.044407;-13.975127999999998;15.0;14.999999999999998;-0.0002376059494137542;1039.4317626953125;38.31272888183594
1992-07-21-2300;-51.415367;-13.385651;15.0;15.0;-0.00023301849899094444;1037.94677734375;38.10918426513672
1992-07-22-0000;-51.854549;-12.86676;15.0;15.0;-0.00023887303564249946;1036.460205078125;36.775230407714844
1992-07-22-0100;-52.286652;-12.422668000000002;15.0;15.000000000000002;-0.0002517677740851578;1037.94677734375;37.527000427246094
1992-07-22-0200;-52.642803;-11.854218;15.0;15.0;-0.00024567411330740575;1034.975341796875;39.921634674072266
1992-07-22-0300;-52.871227;-11.196716000000002;15.0;15.000000000000002;-0.0002524206517463831;1034.231201171875;41.403953552246094
1992-07-22-0400;-53.017052;-10.385437;15.0;15.0;-0.0002714560794705586;1033.48876953125;41.66368103027344
1992-07-22-0500;-53.132599;-9.526305999999998;15.0;14.999999999999998;-0.0003047334643204945;1029.7747802734375;42.745418548583984
1992-07-22-0600;-53.210468;-8.551392;15.0;15.0;-0.00032379542351661906;1029.7747802734375;44.18446350097656
1992-07-22-0700;-53.271832;-7.522064;15.0;15.0;-0.0003329312078416864;1027.545654296875;45.30964660644531
1992-07-22-0800;-53.36655;-6.530426;15.0;15.0;-0.00034591270293984373;1026.060791015625;46.08539962768555
1992-07-22-0900;-53.466938;-5.498809999999999;15.0;15.0;-0.0003427919903102571;1026.80322265625;46.59248733520508
1992-07-22-1000;-53.878338;-6.069092000000001;15.0;15.0;-0.000327401162606896;1034.231201171875;48.525272369384766
1992-07-22-1100;-53.982533;-4.796783;15.0;15.0;-0.00031417188564653823;1033.48876953125;48.291805267333984
1992-07-22-1200;-54.087559;-3.5001220000000006;15.0;15.0;-0.00031837535218254964;1032.0037841796875;48.6462516784668
1992-07-22-1300;-54.200279;-2.3872990000000005;15.0;15.0;-0.00031341290981992984;1026.80322265625;49.32160186767578
1992-07-22-1400;-54.321709;-1.2231749999999995;15.0;15.0;-0.0002954733386270579;1023.8317260742188;49.504638671875
1992-07-22-1500;-54.456654;-0.14941400000000016;15.0;15.0;-0.0002855763113975296;1021.6026611328125;49.41892623901367
1992-07-22-1600;-54.595734;0.8768410000000002;15.0;15.0;-0.0002860974612933706;1018.6311645507812;49.1185188293457
1992-07-22-1700;-54.735214;1.8566830000000003;15.0;15.0;-0.0002924187512269031;1018.6311645507812;49.36182403564453
1992-07-22-1800;-54.890884;2.8848269999999996;15.0;15.0;-0.0002969501950238161;1015.65966796875;48.98419952392578
1992-07-22-1900;-55.026493;3.8500599999999996;15.0;15.0;-0.0002990596020326609;1014.9171752929688;48.692081451416016
1992-07-22-2000;-55.193573;4.827232;15.0;15.0;-0.00030284751892303396;1014.173095703125;48.90690994262695
1992-07-22-2100;-55.365643;5.808216999999999;15.0;15.0;-0.00030758912500916663;1013.4306030273438;48.76803970336914
1992-07-22-2200;-55.36853;5.595559999999999;15.0;15.0;-0.00029897127997250816;1018.6311645507812;49.90055847167969
1992-07-22-2300;-55.605103;6.491847;15.0;15.0;-0.00031812231341671966;1013.4306030273438;49.47420883178711
1992-07-23-0000;-55.855118;7.421804999999999;15.0;15.0;-0.00034336381161485606;1014.173095703125;49.236000061035156
1992-07-23-0100;-56.106731;8.463629;15.0;15.0;-0.00035730073496835995;1013.4306030273438;50.048519134521484
1992-07-23-0200;-56.346012;9.392954;15.0;15.0;-0.0003542464774471556;1010.4591064453125;49.58348846435547
1992-07-23-0300;-56.561260000000004;10.417962;15.000000000000007;15.0;-0.0003395348220597303;1010.4591064453125;49.89797592163086
1992-07-23-0400;-56.776272000000006;11.656011;15.000000000000007;15.0;-0.00032874766338350915;1003.7735595703125;49.93722915649414
1992-07-23-0500;-56.997265;13.047936;15.0;15.0;-0.0003308581561873594;980.00146484375;50.305301666259766
1992-07-23-0600;-57.22335799999999;14.547086999999998;14.999999999999993;14.999999999999998;-0.000415573926422262;960.685791015625;52.35513687133789
1992-07-23-0700;-57.41470699999999;16.191235;14.999999999999993;15.0;-0.00043801532489072244;939.8851928710938;54.59375762939453
1992-07-23-0800;-57.626305;17.714668;15.0;15.0;-0.0004098767655436161;927.256591796875;55.328094482421875
1992-07-23-0900;-57.897278;19.204206;15.0;15.0;-0.00038937055896045084;919.8270263671875;56.45293426513672
1992-07-23-1000;-58.04435000000001;18.201126;15.000000000000007;15.0;-0.00034330046858287806;932.45556640625;53.60966110229492
