time;Lat;Lon;length;width;min_zeta_850;min_hgt_850;max_wind_850
2002-01-14-1600;-40.520138;-47.218872;15;15;-6.091138550484314e-05;1311.02685546875;30.897768020629883
2002-01-14-1700;-40.105343;-46.918945;15;15;-6.873847988446676e-05;1320.26953125;30.67791748046875
2002-01-14-1800;-40.962872;-45.613312;15;15;-9.296735098022095e-05;1301.7840576171875;30.924095153808594
2002-01-14-1900;-40.633831;-45.386322;15;15;-7.789902682527671e-05;1310.2572021484375;31.177898406982422
2002-01-14-2000;-39.883034;-45.144592;15;15;-6.938926024843025e-05;1331.0546875;31.39369010925293
2002-01-14-2100;-40.397087;-44.303009;15;15;-9.126574374622838e-05;1317.959228515625;31.680442810058594
2002-01-14-2200;-39.439796;-44.555298;15;15;-6.728967721216723e-05;1351.0809326171875;30.461334228515625
2002-01-14-2300;-39.395935;-44.167114;15;15;-7.479697974052403e-05;1350.3114013671875;28.920909881591797
2002-01-15-0000;-39.056152;-43.968384;15;15;-7.139878145815872e-05;1360.32373046875;26.449386596679688
2002-01-15-0100;-39.646526;-43.003906;15;15;-8.91190358835006e-05;1353.3912353515625;25.70245361328125
2002-01-15-0200;-40.017956;-42.222107;15;15;-7.040727875894838e-05;1346.458740234375;24.996999740600586
2002-01-15-0300;-40.163273;-41.6828;15;15;-5.9999979083857384e-05;1347.99951171875;24.05350685119629
2002-01-15-0400;-39.982441;-41.343628;15;15;-7.18832044797613e-05;1352.6217041015625;23.78849220275879
2002-01-15-0500;-40.2953;-40.644928;15;15;-9.806950136357412e-05;1341.838134765625;23.951034545898438
2002-01-15-0600;-40.693615;-39.976105;15;15;-0.00010471547236582628;1339.5262451171875;23.88764762878418
2002-01-15-0700;-40.559807;-39.657837;15;15;-0.00010146946683776213;1342.6077880859375;24.559507369995117
2002-01-15-0800;-40.662701;-39.305115;15;15;-9.601305640084744e-05;1342.6077880859375;25.395336151123047
2002-01-15-0900;-40.879971;-38.843933;15;15;-9.443950985474498e-05;1343.37890625;26.355554580688477
2002-01-15-1000;-41.308529;-38.164368;15;15;-0.00010879405733027445;1336.4464111328125;27.7362060546875
2002-01-15-1100;-41.505856;-37.60672;15;15;-0.00012244405077719317;1332.595458984375;28.727447509765625
2002-01-15-1200;-41.587772;-37.199249;15;15;-0.00012248292379218292;1335.67529296875;30.134374618530273
2002-01-15-1300;-41.838104;-36.629852;15;15;-0.00012341163141185848;1331.82421875;31.522714614868164
2002-01-15-1400;-42.44421;-35.890045;15;15;-0.0001261403357247015;1324.1221923828125;32.99672317504883
2002-01-15-1500;-43.093731;-35.08493;15;15;-0.0001362882150079236;1308.716552734375;34.9452018737793
2002-01-15-1600;-43.325996;-34.450867;15;15;-0.0001312590188432524;1303.32470703125;35.90373229980469
2002-01-15-1700;-43.674061;-33.806915;15;15;-0.00013799027262059802;1294.8515625;36.609840393066406
2002-01-15-1800;-44.272377;-32.944611;15;15;-0.00013624358781555554;1270.97265625;37.39809799194336
2002-01-15-1900;-44.92741;-31.974548;15;15;-0.0001403059617978746;1253.2567138671875;37.76276397705078
2002-01-15-2000;-45.392128;-31.109528;15;15;-0.00013554097199226323;1237.85107421875;37.92182922363281
2002-01-15-2100;-46.111179;-30.029205;15;15;-0.00014589869362352032;1213.9737548828125;38.357967376708984
2002-01-15-2200;-47.088531;-28.710632;15;15;-0.00016251786248638813;1175.4603271484375;39.39488983154297
2002-01-15-2300;-47.77401;-27.752655;15;15;-0.00015740896168803638;1156.97314453125;40.32896423339844
2002-01-16-0000;-48.323463;-26.781433;15;15;-0.0001560040808812431;1143.1082763671875;41.51324462890625
2002-01-16-0100;-48.895283;-25.785156;15;15;-0.00015117328812476574;1131.5535888671875;42.25482177734375
2002-01-16-0200;-49.470734;-24.709106;15;15;-0.0001480422640512329;1121.541259765625;43.362911224365234
2002-01-16-0300;-50.062061;-23.496735;15;15;-0.00015637915498771524;1106.135498046875;44.232948303222656
2002-01-16-0400;-50.618591;-22.285645;15;15;-0.00016068637662275913;1096.892822265625;44.95378875732422
2002-01-16-0500;-51.185574;-20.941467;15;15;-0.00014962130372755315;1086.87890625;45.007789611816406
2002-01-16-0600;-51.721722;-19.608673;15;15;-0.00015624826920837773;1081.487060546875;44.79072570800781
2002-01-16-0700;-52.234348;-18.293579;15;15;-0.0001482810945777683;1073.783447265625;43.9366455078125
2002-01-16-0800;-52.760212;-16.926239;15;15;-0.00014099432084639174;1064.5406494140625;43.341678619384766
2002-01-16-0900;-53.269981;-15.494232;15;15;-0.00014238966839217536;1055.2979736328125;42.7836799621582
2002-01-16-1000;-53.551342;-14.225433;15;15;-0.00013708803459063035;1048.365478515625;41.818092346191406
2002-01-16-1100;-54.015301;-12.68985;15;15;-0.0001388189971094746;1044.514404296875;40.851287841796875
2002-01-16-1200;-54.391716;-11.242401;15;15;-0.00013696048517446017;1037.5819091796875;39.67522430419922
2002-01-16-1300;-54.776649;-9.858551;15;15;-0.0001271822827756545;1030.6494140625;38.51772689819336
2002-01-16-1400;-55.126587;-8.564758;15;15;-0.0001260917732539239;1027.5679931640625;37.2903938293457
2002-01-16-1500;-55.479462;-7.338074;15;15;-0.00011882768688713289;1028.3375244140625;36.331634521484375
2002-01-16-1600;-55.833851;-6.144775;15;15;-0.00011385296349573401;1024.486572265625;35.62511444091797
2002-01-16-1700;-56.181305;-4.899994;15;15;-0.00011678119006727494;1028.3375244140625;34.5657844543457
2002-01-16-1800;-56.515499;-3.636169;15;15;-0.0001084809181705209;1027.5679931640625;33.61982727050781
2002-01-16-1900;-56.847046;-2.332397;15;15;-9.562889550901826e-05;1033.73095703125;33.34208297729492
2002-01-16-2000;-57.158455;-1.053375;15;15;-9.066468026811798e-05;1040.6617431640625;32.75601577758789
2002-01-16-2100;-57.548058;0.37029;15;15;-8.448930426408543e-05;1044.514404296875;31.91277503967285
2002-01-16-2200;-58.33654;2.439692;15;15;-7.194178580604469e-05;1050.67578125;30.816715240478516
2002-01-16-2300;-59.05891;4.206373;15;15;-6.21980732958995e-05;1056.838623046875;30.04824447631836
2002-01-17-0000;-59.605373;5.679745;15;15;-7.133872124816929e-05;1060.689697265625;29.581857681274414
2002-01-17-0100;-59.980072;6.846762;15;15;-7.777575732141823e-05;1055.2979736328125;29.228546142578125
2002-01-17-0200;-60.284336;7.810833;15;15;-8.004626733102696e-05;1049.135009765625;28.40475845336914
2002-01-17-0300;-60.583832;8.661281;15;15;-8.65831464279296e-05;1043.7432861328125;27.896020889282227
2002-01-17-0400;-60.889702;9.349836;15;15;-9.42258819213635e-05;1036.041259765625;27.18474006652832
2002-01-17-0500;-61.218559;9.875185;15;15;-0.000101380553210914;1031.4190673828125;26.483888626098633
2002-01-17-0600;-61.595528;10.182805;15;15;-0.00012207629518659702;1025.2576904296875;25.580379486083984
2002-01-17-0700;-61.977036;10.297302;15;15;-0.00010776396110256523;1019.0947875976562;26.35861587524414
2002-01-17-0800;-62.325066;10.283785;15;15;-0.00011765934984201215;1013.7030639648438;27.30956268310547
2002-01-17-0900;-62.621979;10.254819;15;15;-0.00011286428225406543;1008.311279296875;27.212587356567383
2002-01-17-1000;-62.91003;9.317636;15;15;-6.263763380242022e-05;999.0685424804688;27.274110794067383
2002-01-17-1100;-63.080082;9.229184;15;15;-7.38128675293019e-05;990.5953369140625;27.26953887939453
2002-01-17-1200;-63.189793;9.177776;15;15;-7.388290046775382e-05;984.4324340820312;27.193737030029297
2002-01-17-1300;-63.274185;9.174875;15;15;-6.857259874357881e-05;979.8118286132812;27.563779830932617
2002-01-17-1400;-63.342892;9.201855;15;15;-6.133324421215125e-05;971.338623046875;27.4454402923584
2002-01-17-1500;-63.421574;9.340241;15;15;-7.4589071844181e-05;965.9468994140625;27.156625747680664
2002-01-17-1600;-63.526604;9.598901;15;15;-6.845899276711353e-05;958.2432250976562;26.569381713867188
2002-01-17-1700;-63.654682;9.960938;15;15;-7.245647845363965e-05;952.8515014648438;26.075366973876953
2002-01-17-1800;-63.794567;10.342752;15;15;-6.023014566151194e-05;948.2308959960938;25.57678985595703
2002-01-17-1900;-63.938869;10.765593;15;15;-6.714742230732833e-05;943.6087036132812;25.246292114257812
2002-01-17-2000;-64.081299;11.153856;15;15;-5.172103604803698e-05;942.0679931640625;24.845279693603516
2002-01-17-2100;-64.232292;11.509347;15;15;-6.223097572776183e-05;938.2169799804688;24.295995712280273
2002-01-17-2200;-64.465683;11.601777;15;15;-7.052230293176125e-05;935.9066772460938;23.98497200012207
2002-01-17-2300;-64.605087;11.979948;15;15;-5.167588304273978e-05;932.0540771484375;24.18661880493164
2002-01-18-0000;-64.778419;12.308188;15;15;-5.4268588258913846e-05;929.7437744140625;24.559185028076172
2002-01-18-0100;-64.966156;12.435275;15;15;-5.408360668371e-05;929.7437744140625;25.190332412719727
2002-01-18-0200;-65.124969;12.329295;15;15;-5.741772496719422e-05;923.5808715820312;26.037851333618164
2002-01-18-0300;-65.258804;12.092567;15;15;-7.383522518562713e-05;923.5808715820312;26.92409896850586
2002-01-18-0400;-65.388924;11.776238;15;15;-8.630557669104258e-05;921.2705688476562;27.527217864990234
2002-01-18-0500;-65.474007;11.102779;15;15;-0.00012241093809496896;922.811279296875;27.76348114013672
2002-01-18-0600;-65.464424;10.334438;15;15;-0.00015670553782671097;922.811279296875;27.69336700439453
2002-01-18-0700;-65.29351;8.802155;15;15;-0.0001848366445033778;924.3519897460938;27.895586013793945
2002-01-18-0800;-65.148109;7.790037;15;15;-0.00018348219626037403;925.12158203125;28.634998321533203
2002-01-18-0900;-64.931679;6.799399;15;15;-0.00015743342049673352;926.6622924804688;29.184324264526367
2002-01-18-1000;-64.489578;5.534946;15;15;-9.382863445910462e-05;926.6622924804688;29.681779861450195
2002-01-18-1100;-64.418167;5.112109;15;15;-9.367581037544863e-05;926.6622924804688;29.405427932739258
2002-01-18-1200;-64.524307;5.109533;15;15;-8.548471501990813e-05;927.4334716796875;29.48589515686035
2002-01-18-1300;-64.518784;4.834906;15;15;-8.190158182927652e-05;924.3519897460938;29.38405990600586
2002-01-18-1400;-64.513512;4.684353;15;15;-7.6815782945734e-05;923.5808715820312;29.533254623413086
2002-01-18-1500;-64.462387;4.551903;15;15;-7.706570420865337e-05;922.811279296875;29.814159393310547
2002-01-18-1600;-64.435379;4.483106;15;15;-7.427663485945341e-05;924.3519897460938;30.296541213989258
2002-01-18-1700;-64.428017;4.468752;15;15;-7.327588710646669e-05;922.041748046875;30.792055130004883
2002-01-18-1800;-64.456818;4.527722;15;15;-7.280478951944287e-05;922.811279296875;31.16126823425293
2002-01-18-1900;-64.450684;4.529108;15;15;-7.613610960643804e-05;923.5808715820312;31.561769485473633
2002-01-18-2000;-64.426033;4.487233;15;15;-7.78998425937215e-05;925.12158203125;31.891014099121094
2002-01-18-2100;-64.379936;4.400542;15;15;-7.671706696877523e-05;925.8927612304688;32.08310317993164
2002-01-18-2200;-64.305809;4.341069;15;15;-7.859602169370275e-05;927.4334716796875;32.48185348510742
2002-01-18-2300;-64.23217;4.222537;15;15;-7.616086414215791e-05;928.9741821289062;33.20400619506836
2002-01-19-0000;-64.211182;4.117346;15;15;-8.027848021780643e-05;928.2030639648438;33.25030517578125
2002-01-19-0100;-64.223358;4.003534;15;15;-7.636551603106277e-05;928.2030639648438;32.713722229003906
2002-01-19-0200;-64.275528;3.905676;15;15;-7.649177429977421e-05;929.7437744140625;31.601680755615234
2002-01-19-0300;-64.337646;3.888016;15;15;-7.826463800298045e-05;928.2030639648438;30.348535537719727
2002-01-19-0400;-64.370384;3.861551;15;15;-9.002034278813027e-05;930.5133056640625;29.69677734375
2002-01-19-0500;-64.369682;3.915615;15;15;-7.950107252396863e-05;933.5947875976562;29.02666473388672
2002-01-19-0600;-64.316635;3.995316;15;15;-7.800825833410318e-05;936.67626953125;29.40619468688965
2002-01-19-0700;-64.248581;4.127035;15;15;-6.697960641146508e-05;940.5272827148438;29.515737533569336
2002-01-19-0800;-64.146629;4.267348;15;15;-6.449249158347955e-05;943.6087036132812;28.94318962097168
2002-01-19-0900;-64.090851;4.412358;15;15;-7.507669242461001e-05;945.9190063476562;27.549945831298828
2002-01-19-1000;-64.103195;4.392549;15;15;-8.094896507364631e-05;949.77001953125;26.288076400756836
2002-01-19-1100;-64.135399;4.380424;15;15;-6.626193317643285e-05;953.6226806640625;25.661235809326172
2002-01-19-1200;-64.183517;4.318882;15;15;-7.516861699599012e-05;953.6226806640625;24.508377075195312
2002-01-19-1300;-64.223946;4.248044;15;15;-7.544302314285077e-05;957.4736938476562;23.632041931152344
2002-01-19-1400;-64.258224;4.207213;15;15;-7.496629463530277e-05;959.7839965820312;22.958438873291016
2002-01-19-1500;-64.291885;4.253894;15;15;-7.452749685981853e-05;961.32470703125;22.92398452758789
2002-01-19-1600;-64.318367;4.33273;15;15;-7.511076562075578e-05;963.635009765625;22.9093074798584
2002-01-19-1700;-64.336487;4.427726;15;15;-8.113899979331953e-05;966.7164306640625;22.631694793701172
2002-01-19-1800;-64.337654;4.552736;15;15;-8.154432494142933e-05;966.7164306640625;22.268905639648438
2002-01-19-1900;-64.347565;4.610181;15;15;-7.978963408084639e-05;971.338623046875;22.376113891601562
2002-01-19-2000;-64.359741;4.56553;15;15;-7.661948189621142e-05;974.4201049804688;22.599641799926758
2002-01-19-2100;-64.364502;4.458103;15;15;-7.344424233336565e-05;977.4999389648438;22.525253295898438
2002-01-19-2200;-64.371178;4.180359;15;15;-6.42452297256364e-05;979.0406494140625;22.736562728881836
2002-01-19-2300;-64.35041;3.916342;15;15;-6.471050841081682e-05;981.3525390625;22.79533576965332
2002-01-20-0000;-64.356316;3.679655;15;15;-6.609688081547133e-05;984.4324340820312;23.047821044921875
2002-01-20-0100;-64.387474;3.489066;15;15;-6.771306010183751e-05;988.283447265625;23.403364181518555
2002-01-20-0200;-64.42334;3.363172;15;15;-6.932788891346803e-05;988.283447265625;23.28473472595215
2002-01-20-0300;-64.47728;3.275115;15;15;-7.091288937222437e-05;989.0546264648438;22.901721954345703
2002-01-20-0400;-64.529221;3.176749;15;15;-7.197270729180342e-05;992.9056396484375;22.613327026367188
2002-01-20-0500;-64.568161;3.157135;15;15;-7.463019267503331e-05;995.2159423828125;22.410734176635742
2002-01-20-0600;-64.578835;3.224783;15;15;-7.711224207994913e-05;999.8380737304688;21.989534378051758
2002-01-20-0700;-64.576607;3.220736;15;15;-7.585080560096075e-05;1002.1483764648438;21.513721466064453
2002-01-20-0800;-64.562965;3.216197;15;15;-7.36428437322994e-05;1006.0010375976562;21.504255294799805
2002-01-20-0900;-64.544586;3.163748;15;15;-7.276274722353801e-05;1009.0808715820312;21.232955932617188
2002-01-20-1000;-64.542068;3.632326;15;15;-6.817828421109434e-05;1010.62158203125;20.750205993652344
2002-01-20-1100;-64.516953;3.806017;15;15;-6.817405718714155e-05;1015.2437744140625;20.385467529296875
2002-01-20-1200;-64.504707;3.960238;15;15;-6.721688768166812e-05;1016.0133666992188;20.167152404785156
2002-01-20-1300;-64.503563;4.076762;15;15;-6.72405349394571e-05;1018.3252563476562;20.03594207763672
2002-01-20-1400;-64.527405;4.14995;15;15;-6.788169480086167e-05;1019.865966796875;20.327537536621094
2002-01-20-1500;-64.552963;4.283723;15;15;-6.770469583106422e-05;1022.94580078125;20.360328674316406
2002-01-20-1600;-64.60244;4.367913;15;15;-6.592557396734166e-05;1022.94580078125;20.026582717895508
2002-01-20-1700;-64.639549;4.517559;15;15;-5.8049350704122806e-05;1024.486572265625;19.79990005493164
2002-01-20-1800;-64.667686;4.572838;15;15;-5.986499023151135e-05;1025.2576904296875;19.366731643676758
2002-01-20-1900;-64.68998;4.502072;15;15;-6.347513240126379e-05;1027.5679931640625;18.982561111450195
2002-01-20-2000;-64.690033;4.267554;15;15;-6.439013576976834e-05;1029.8782958984375;18.50324821472168
2002-01-20-2100;-64.701622;4.104204;15;15;-6.365131531703667e-05;1029.8782958984375;17.951448440551758
2002-01-20-2200;-64.774055;3.098183;15;15;-5.754376008807091e-05;1032.190185546875;17.799346923828125
2002-01-20-2300;-64.801804;2.890282;15;15;-5.596081792540171e-05;1032.959716796875;17.525218963623047
2002-01-21-0000;-64.827217;2.675196;15;15;-5.2943923703393645e-05;1032.190185546875;17.55457878112793
2002-01-21-0100;-64.839752;2.30847;15;15;-4.921322616242579e-05;1033.73095703125;17.730321884155273
2002-01-21-0200;-64.811935;1.660535;15;15;-4.375676995185563e-05;1032.190185546875;17.933658599853516
2002-01-21-0300;-64.729149;0.687639;15;15;-3.3202050272073564e-05;1032.959716796875;17.688438415527344
2002-01-21-0400;-64.608925;-0.306885;15;15;-3.780760937390447e-05;1032.190185546875;17.504257202148438
2002-01-21-0500;-64.493645;-1.000397;15;15;-2.854711612089609e-05;1035.27001953125;17.812068939208984
2002-01-21-0600;-64.450516;-1.069977;15;15;-2.026117247993259e-05;1036.041259765625;18.35715675354004
2002-01-21-0700;-64.427399;-0.911835;15;15;-1.624750410327075e-05;1038.3515625;18.75172233581543
2002-01-21-0800;-64.397507;-0.788116;15;15;-1.959009943049251e-05;1041.4329833984375;18.958402633666992
2002-01-21-0900;-64.365364;-0.68811;15;15;-1.770207303411247e-05;1042.9736328125;18.99610137939453
2002-01-21-1000;-64.181656;-0.582153;15;15;-2.4543270414634897e-05;1045.283935546875;18.59992218017578
2002-01-21-1100;-64.071754;-0.636108;15;15;-2.8121176326339276e-05;1047.59423828125;18.571426391601562
2002-01-21-1200;-63.958424;-0.652161;15;15;-3.9643360202256666e-05;1050.67578125;18.685808181762695
2002-01-21-1300;-63.838146;-0.609894;15;15;-4.142169402890313e-05;1053.7572021484375;18.767364501953125
2002-01-21-1400;-63.726849;-0.503174;15;15;-4.964503485098263e-05;1056.0675048828125;18.896713256835938
2002-01-21-1500;-63.613331;-0.340668;15;15;-4.5417368657973956e-05;1059.91845703125;18.798887252807617
2002-01-21-1600;-63.478832;-0.160156;15;15;-5.173516657818378e-05;1062.2303466796875;18.706729888916016
2002-01-21-1700;-63.347935;0.087363;15;15;-4.7229613505669096e-05;1067.6221923828125;18.35381317138672
2002-01-21-1800;-63.210335;0.422596;15;15;-3.7168352624890056e-05;1069.9324951171875;18.544452667236328
2002-01-21-1900;-63.053219;0.83143;15;15;-3.253613777986624e-05;1074.5545654296875;18.7037296295166
2002-01-21-2000;-62.850296;1.29504;15;15;-2.1302417072215062e-05;1076.8648681640625;18.56915283203125
2002-01-21-2100;-62.583469;1.830541;15;15;-1.55789837441957e-05;1077.6361083984375;18.324871063232422
2002-01-21-2200;-62.379971;2.498431;15;15;-1.7788548765721795e-05;1077.6361083984375;18.46757698059082
2002-01-21-2300;-61.921188;3.278946;15;15;-2.4976241585766243e-05;1077.6361083984375;18.599544525146484
2002-01-22-0000;-61.403214;4.13314;15;15;-2.8566309941779118e-05;1075.32421875;18.73366355895996
2002-01-22-0100;-60.857006;4.953808;15;15;-2.9529038856415008e-05;1076.0953369140625;18.971179962158203
2002-01-22-0200;-60.359848;5.749257;15;15;-3.2745086675333014e-05;1069.9324951171875;19.11027717590332
2002-01-22-0300;-59.90937;6.539084;15;15;-3.5404402175791295e-05;1066.0814208984375;19.29303550720215
2002-01-22-0400;-59.541992;7.269836;15;15;-3.842792882612118e-05;1063.7711181640625;19.38957405090332
2002-01-22-0500;-59.257637;7.93745;15;15;-4.260861518447328e-05;1065.3118896484375;19.500070571899414
2002-01-22-0600;-59.00275;8.515388;15;15;-4.290559847916306e-05;1065.3118896484375;19.591638565063477
2002-01-22-0700;-58.823658;9.038229;15;15;-4.214233790619207e-05;1067.6221923828125;19.71546745300293
2002-01-22-0800;-58.625187;9.527976;15;15;-3.5356740647599354e-05;1068.3917236328125;19.924379348754883
2002-01-22-0900;-58.446659;10.051312;15;15;-3.345865203888996e-05;1069.162841796875;20.21233558654785
2002-01-22-1000;-58.363647;10.854393;15;15;-3.589132294048178e-05;1065.3118896484375;21.72198486328125
2002-01-22-1100;-58.172596;11.324373;15;15;-3.0934009745834916e-05;1067.6221923828125;21.436574935913086
2002-01-22-1200;-57.987823;11.811637;15;15;-3.4594164631135596e-05;1066.8509521484375;21.105976104736328
2002-01-22-1300;-57.840763;12.276655;15;15;-3.8140319159961234e-05;1069.9324951171875;21.100875854492188
2002-01-22-1400;-57.691486;12.805611;15;15;-3.613503261685001e-05;1072.244384765625;21.494333267211914
2002-01-22-1500;-57.596336;13.356707;15;15;-4.0070873122654784e-05;1075.32421875;21.56610107421875
2002-01-22-1600;-57.488422;13.890361;15;15;-3.750320238328619e-05;1078.4056396484375;21.538923263549805
2002-01-22-1700;-57.370831;14.398003;15;15;-4.091519750066145e-05;1079.9464111328125;21.7760009765625
2002-01-22-1800;-57.24139;14.918629;15;15;-3.681488930804933e-05;1086.107666015625;21.813413619995117
2002-01-22-1900;-57.094738;15.443617;15;15;-3.777935484970567e-05;1088.4195556640625;21.856525421142578
2002-01-22-2000;-56.91357;15.969394;15;15;-3.733137415676163e-05;1094.5809326171875;21.943613052368164
2002-01-22-2100;-56.700802;16.485298;15;15;-3.7072334179314375e-05;1100.7437744140625;22.247156143188477
2002-01-22-2200;-56.517387;16.99494;15;15;-3.521144493481245e-05;1106.135498046875;22.266923904418945
2002-01-22-2300;-56.313004;17.603846;15;15;-3.631701602859959e-05;1109.986572265625;22.681026458740234
2002-01-23-0000;-56.119755;18.248341;15;15;-3.3867079990364273e-05;1119.2293701171875;22.881582260131836
2002-01-23-0100;-55.956547;18.875624;15;15;-3.848554007761118e-05;1123.0819091796875;22.658794403076172
2002-01-23-0200;-55.776016;19.48665;15;15;-3.687352120679099e-05;1123.0819091796875;22.841318130493164
2002-01-23-0300;-55.582081;20.105553;15;15;-3.574658206195159e-05;1125.3922119140625;23.143774032592773
2002-01-23-0400;-55.360897;20.710938;15;15;-3.3463730263004535e-05;1125.3922119140625;23.41329574584961
2002-01-23-0500;-55.150249;21.283375;15;15;-3.6181700913288345e-05;1127.7025146484375;23.371028900146484
2002-01-23-0600;-54.877773;21.883512;15;15;-3.2279591745320354e-05;1130.014404296875;23.136825561523438
2002-01-23-0700;-54.566574;22.481649;15;15;-3.070957349154972e-05;1130.014404296875;23.274686813354492
2002-01-23-0800;-54.244877;23.043171;15;15;-3.139901727287218e-05;1130.014404296875;23.275968551635742
2002-01-23-0900;-53.911545;23.638321;15;15;-2.8402023034843723e-05;1130.7840576171875;23.7071590423584
2002-01-23-1000;-53.764591;24.388033;15;15;-2.677813016114777e-05;1128.4737548828125;22.72097396850586
2002-01-23-1100;-53.421612;25.123291;15;15;-2.956081780340873e-05;1129.2432861328125;22.974857330322266
2002-01-23-1200;-53.05732;25.887108;15;15;-2.5720488641645522e-05;1126.161865234375;23.43962860107422
2002-01-23-1300;-52.752411;26.641499;15;15;-2.5449084732068272e-05;1125.3922119140625;23.445899963378906
2002-01-23-1400;-52.485764;27.289305;15;15;-2.5786893075203393e-05;1119.2293701171875;23.875917434692383
2002-01-23-1500;-52.2048;27.942274;15;15;-2.3654269570433986e-05;1116.9190673828125;24.0609130859375
2002-01-23-1600;-51.954407;28.505383;15;15;-2.6383509854669915e-05;1109.986572265625;24.565439224243164
2002-01-23-1700;-51.657776;29.251766;15;15;-2.460423356327553e-05;1103.8251953125;24.432870864868164
2002-01-23-1800;-51.31921;30.132729;15;15;-2.6972515805409102e-05;1098.4334716796875;24.013364791870117
2002-01-23-1900;-50.863209;31.039103;15;15;-3.026741933397353e-05;1093.0401611328125;23.566726684570312
2002-01-23-2000;-50.455479;31.986103;15;15;-2.9673870660844343e-05;1090.7298583984375;23.658519744873047
2002-01-23-2100;-50.122238;32.993732;15;15;-3.50795275106192e-05;1086.87890625;24.51198959350586
2002-01-23-2200;-50.12365;34.706142;15;15;-3.4443155451069276e-05;1073.783447265625;23.965740203857422
2002-01-23-2300;-50.08234;35.747368;15;15;-2.7918894587402812e-05;1064.5406494140625;22.882856369018555
2002-01-24-0000;-50.237148;36.716091;15;15;-1.161893591876847e-05;1058.37939453125;23.092567443847656
