time;Lat;Lon;length;width;min_zeta_850;min_hgt_850;max_wind_850
1984-06-23-2200;-27.305895;-61.84985399999999;15.0;14.999999999999993;-0.00021683122380816982;1236.9268798828125;32.7926139831543
1984-06-23-2300;-27.852665000000002;-61.523499;15.000000000000004;15.0;-0.00024188097905786693;1236.9268798828125;32.75382614135742
1984-06-24-0000;-28.303078;-61.230591000000004;15.0;15.000000000000007;-0.00026553349668284815;1239.1558837890625;32.81797409057617
1984-06-24-0100;-28.723263000000003;-61.027405;15.000000000000004;15.0;-0.0002496771107786738;1241.385009765625;32.65369415283203
1984-06-24-0200;-29.022099999999995;-60.883026;14.999999999999996;15.0;-0.0002357541620634072;1244.3580322265625;32.48040771484375
1984-06-24-0300;-29.377445;-60.572693;15.0;15.0;-0.00022920154002134432;1247.32958984375;32.11599349975586
1984-06-24-0400;-29.780909;-60.201263;15.0;15.0;-0.00023444207875241178;1249.55859375;32.093719482421875
1984-06-24-0500;-30.133419000000004;-59.899719000000005;15.000000000000004;15.000000000000007;-0.0002350570409917898;1252.5301513671875;32.615516662597656
1984-06-24-0600;-30.484589;-59.351349;15.0;15.0;-0.00022912578533648082;1254.0167236328125;32.493431091308594
1984-06-24-0700;-30.777068999999997;-59.065186;14.999999999999996;15.0;-0.00021489386013713094;1257.7322998046875;32.555206298828125
1984-06-24-0800;-31.036301;-58.559143000000006;15.0;15.000000000000007;-0.00022826930094171102;1262.1903076171875;32.347984313964844
1984-06-24-0900;-31.253693;-58.27847299999999;15.0;14.999999999999993;-0.000237139633499666;1271.1065673828125;32.06451416015625
1984-06-24-1000;-31.558572999999996;-58.973663;14.999999999999996;15.0;-0.00020981669689599104;1283.73828125;31.33442497253418
1984-06-24-1100;-31.784667999999996;-59.020782;14.999999999999996;15.0;-0.00019751768365162622;1288.1962890625;30.38094711303711
1984-06-24-1200;-32.017479;-59.18551600000001;15.0;15.000000000000007;-0.00020194589597311314;1290.42529296875;30.37423324584961
1984-06-24-1300;-32.284657;-59.347076;15.0;15.0;-0.00020308257949526473;1291.911865234375;30.774240493774414
1984-06-24-1400;-32.568817;-59.59811400000001;15.0;15.000000000000007;-0.00020203479560122064;1290.42529296875;30.76034927368164
1984-06-24-1500;-32.857616;-59.78241;15.0;15.0;-0.00019527664886064512;1290.42529296875;30.32405662536621
1984-06-24-1600;-33.062805;-59.90683;15.0;15.0;-0.0001762904096577673;1290.42529296875;29.971227645874023
1984-06-24-1700;-33.068104;-59.647797;15.0;15.0;-0.00015845799072125802;1292.6544189453125;29.958528518676758
1984-06-24-1800;-33.127777;-59.424744000000004;15.0;15.000000000000007;-0.00015837961729561309;1295.62744140625;30.403207778930664
1984-06-24-1900;-33.184669;-59.08569299999999;15.0;14.999999999999993;-0.00016448487244940884;1298.5989990234375;30.716014862060547
1984-06-24-2000;-33.226364;-58.79061899999999;15.0;14.999999999999993;-0.00017038401277125222;1300.8280029296875;30.339523315429688
1984-06-24-2100;-33.264538;-58.71249399999999;15.0;14.999999999999993;-0.00017628756910973098;1304.543701171875;29.86981201171875
1984-06-24-2200;-33.048454;-58.384949000000006;15.0;15.000000000000007;-0.00017782177455047017;1304.543701171875;28.96513557434082
1984-06-24-2300;-33.133144;-57.866913;15.0;15.0;-0.00018104907315552425;1303.8011474609375;28.858110427856445
1984-06-25-0000;-33.176979;-57.35095200000001;15.0;15.000000000000007;-0.00016598465597335898;1303.05712890625;28.95159149169922
1984-06-25-0100;-33.194756;-57.255615000000006;15.0;15.000000000000007;-0.0001560615514537773;1299.341552734375;29.292734146118164
1984-06-25-0200;-33.182514;-57.202393;15.0;15.0;-0.00014243385102679206;1297.1124267578125;29.865482330322266
1984-06-25-0300;-33.138271;-57.325317;15.0;15.0;-0.00012122490918600714;1297.1124267578125;29.33609962463379
1984-06-25-0400;-33.001991;-57.60311899999999;15.0;14.999999999999993;-0.00011790105911355966;1294.8834228515625;28.643901824951172
1984-06-25-0500;-32.82045;-57.940369000000004;15.0;15.000000000000007;-0.00011749169522000262;1291.911865234375;28.801664352416992
1984-06-25-0600;-32.62566;-58.222015;15.0;15.0;-0.00013348476576213552;1291.16943359375;28.894184112548828
1984-06-25-0700;-32.510586;-58.377686;15.0;15.0;-0.00013941628202513256;1293.3984375;28.89212989807129
1984-06-25-0800;-32.398125;-58.532500999999996;15.0;14.999999999999993;-0.00014078449092199321;1295.62744140625;28.36663055419922
1984-06-25-0900;-32.211998;-58.868622;15.0;15.0;-0.00014021713707214922;1296.3699951171875;28.089147567749023
1984-06-25-1000;-32.210323;-59.181641;15.0;15.0;-0.00011621552029157707;1300.0855712890625;25.654197692871094
1984-06-25-1100;-32.044292;-59.420197;15.0;15.0;-0.00011117480956037618;1300.8280029296875;25.017980575561523
1984-06-25-1200;-32.034073;-59.470398;15.0;15.0;-0.00012676174873968863;1294.8834228515625;24.822860717773438
1984-06-25-1300;-31.999075000000005;-59.49880999999999;15.000000000000004;14.999999999999993;-0.000131211554573404;1286.7113037109375;25.75969123840332
1984-06-25-1400;-31.992001000000002;-59.507507000000004;15.000000000000004;15.000000000000007;-0.00012789610315161885;1282.251708984375;26.160680770874023
1984-06-25-1500;-32.020996;-59.423096;15.0;15.0;-0.0001157071800814082;1276.3087158203125;26.54131317138672
1984-06-25-1600;-31.992815;-59.368713;15.0;15.0;-0.00011848263840980313;1276.3087158203125;26.678640365600586
1984-06-25-1700;-32.129185;-59.08315999999999;15.0;14.999999999999993;-0.0001287158245790382;1276.3087158203125;26.45778465270996
1984-06-25-1800;-32.231789;-58.83819600000001;15.0;15.000000000000007;-0.00014630607691201223;1278.5377197265625;26.07474136352539
1984-06-25-1900;-32.472107;-58.477631;15.0;15.0;-0.00016442138321153576;1275.5645751953125;25.608076095581055
1984-06-25-2000;-32.66925;-58.074828999999994;15.0;14.999999999999993;-0.0002075468442748384;1274.07958984375;25.6135196685791
1984-06-25-2100;-32.819248;-57.674683;15.0;15.0;-0.00022959456564940455;1269.6199951171875;25.96860694885254
1984-06-25-2200;-32.863712;-57.49444600000001;15.0;15.000000000000007;-0.00022799095429619487;1269.6199951171875;25.080766677856445
1984-06-25-2300;-32.944252;-57.297302;15.0;15.0;-0.00021929245687502937;1271.1065673828125;25.27244758605957
1984-06-26-0000;-32.919853;-57.25668300000001;15.0;15.000000000000007;-0.0002501194886893268;1268.87744140625;25.717741012573242
1984-06-26-0100;-32.934315;-57.182097999999996;15.0;14.999999999999993;-0.0002829861092535547;1267.390869140625;25.182689666748047
1984-06-26-0200;-33.014145;-57.005675999999994;15.0;14.999999999999993;-0.00029570864134402075;1263.6768798828125;25.112436294555664
1984-06-26-0300;-33.133335;-56.728516;15.0;15.0;-0.0003202387355199026;1260.703857421875;25.785512924194336
1984-06-26-0400;-33.266865;-56.419495;15.0;15.0;-0.0003375296447981753;1254.7591552734375;26.520841598510742
1984-06-26-0500;-33.380821;-56.123749;15.0;15.0;-0.0003313178322070139;1251.045166015625;27.5965518951416
1984-06-26-0600;-33.424202;-55.859711;15.0;15.0;-0.00030750001267886696;1250.3011474609375;27.8375301361084
1984-06-26-0700;-33.513145;-55.444916;15.0;15.0;-0.0002804309475436318;1248.072021484375;28.08492660522461
1984-06-26-0800;-33.572315;-55.048767;15.0;15.0;-0.00027354489566692026;1249.55859375;29.645383834838867
1984-06-26-0900;-33.758755;-54.509399;15.0;15.0;-0.0002870890819972128;1248.816162109375;30.662195205688477
1984-06-26-1000;-34.184246;-53.777832;15.0;15.0;-0.00030600674492986345;1254.7591552734375;29.951326370239258
1984-06-26-1100;-34.346664;-53.161682;15.0;15.0;-0.00029568185230686826;1257.7322998046875;30.549697875976562
1984-06-26-1200;-34.476883;-52.56839;15.0;15.0;-0.0003015387199375978;1255.5032958984375;30.140222549438477
1984-06-26-1300;-34.665344;-51.998322;15.0;15.0;-0.0002873407392425757;1247.32958984375;30.054014205932617
1984-06-26-1400;-34.868477;-51.598297;15.0;15.0;-0.00029455218889996957;1242.1290283203125;31.189279556274414
1984-06-26-1500;-35.167637;-51.165283;15.0;15.0;-0.00031368581686602216;1239.1558837890625;31.918020248413086
1984-06-26-1600;-35.40387;-50.871033;15.0;15.0;-0.0003240572870824708;1236.1844482421875;32.26471710205078
1984-06-26-1700;-35.751671;-50.684998;15.0;15.0;-0.0003525456676784176;1236.9268798828125;31.978668212890625
1984-06-26-1800;-36.182186;-50.435944;15.0;15.0;-0.00038682832285375656;1234.6978759765625;31.461849212646484
1984-06-26-1900;-36.502327;-49.991882;15.0;15.0;-0.0004054981161274614;1230.9822998046875;31.081968307495117
1984-06-26-2000;-36.766899;-49.620361;15.0;15.0;-0.00042086387267901623;1225.03759765625;31.624011993408203
1984-06-26-2100;-36.975574;-49.215393;15.0;15.0;-0.0004550264803956202;1215.3790283203125;32.388736724853516
1984-06-26-2200;-37.205833;-49.110596;15.0;15.0;-0.0004985973790067763;1187.14404296875;37.22312545776367
1984-06-26-2300;-37.29681;-48.962646;15.0;15.0;-0.0004772223792321582;1165.5946044921875;38.48255920410156
1984-06-27-0000;-37.39505;-48.501099;15.0;15.0;-0.0004954276675715079;1153.7069091796875;41.87875747680664
1984-06-27-0100;-37.494404;-48.24469;15.0;15.0;-0.0005037824415263122;1140.3326416015625;44.36870574951172
1984-06-27-0200;-37.567272;-47.830658;15.0;15.0;-0.000497191267992169;1130.6724853515625;45.868953704833984
1984-06-27-0300;-37.694695;-47.35257;15.0;15.0;-0.0004906941489280244;1121.75634765625;46.29460906982422
1984-06-27-0400;-37.798512;-46.929871;15.0;15.0;-0.000506515532760779;1115.0692138671875;46.10760498046875
1984-06-27-0500;-37.875942;-46.453247;15.0;15.0;-0.0005136329288708036;1106.8955078125;46.86650848388672
1984-06-27-0600;-38.038857;-45.870941;15.0;15.0;-0.0004884810252238517;1097.9793701171875;48.11561584472656
1984-06-27-0700;-38.125572;-45.276947;15.0;15.0;-0.00045047806058723307;1089.8057861328125;49.552242279052734
1984-06-27-0800;-38.252907;-44.693787;15.0;15.0;-0.00042929511276491476;1083.861083984375;50.362396240234375
1984-06-27-0900;-38.414825;-44.11795;15.0;15.0;-0.00041378828458329763;1079.403076171875;50.41925048828125
1984-06-27-1000;-38.63023;-43.581085;15.0;15.0;-0.00043265598885083314;1069.7427978515625;49.47056198120117
1984-06-27-1100;-38.800987;-42.997314;15.0;15.0;-0.0004302997817546928;1071.971923828125;49.500694274902344
1984-06-27-1200;-39.007786;-42.364136;15.0;15.0;-0.00041477244994072383;1063.7982177734375;47.93042755126953
1984-06-27-1300;-39.153976;-41.841248;15.0;15.0;-0.00039856746676760504;1066.7713623046875;46.3233642578125
1984-06-27-1400;-39.311993;-41.368652;15.0;15.0;-0.00036199559218544987;1063.0557861328125;45.9793815612793
1984-06-27-1500;-39.466129;-40.851898;15.0;15.0;-0.00035524069280166634;1056.36865234375;45.02598571777344
1984-06-27-1600;-39.671127;-40.148407;15.0;15.0;-0.00033573730552660804;1054.1395263671875;43.100563049316406
1984-06-27-1700;-39.790936;-39.592072;15.0;15.0;-0.0003748906404582495;1052.653076171875;42.77434539794922
1984-06-27-1800;-39.917953;-38.970093;15.0;15.0;-0.00039958907127462644;1058.59765625;42.20096969604492
1984-06-27-1900;-39.993618;-38.432709;15.0;15.0;-0.0004038021019188308;1059.340087890625;41.14729690551758
1984-06-27-2000;-39.98193;-38.049438;15.0;15.0;-0.0003608206301701945;1067.5137939453125;40.0779914855957
1984-06-27-2100;-39.986664;-37.655212;15.0;15.0;-0.00027912146807017866;1069.7427978515625;40.19673156738281
1984-06-27-2200;-40.186741;-37.091583;15.0;15.0;-0.0002480097272366868;1079.403076171875;39.75476837158203
1984-06-27-2300;-40.239006;-36.521301;15.0;15.0;-0.0002272629121764418;1083.11865234375;39.405879974365234
1984-06-28-0000;-40.313904;-35.945129;15.0;15.0;-0.00020187516668291512;1083.11865234375;40.23808288574219
1984-06-28-0100;-40.384956;-35.354034;15.0;15.0;-0.00020178130984352396;1086.8326416015625;40.95498275756836
1984-06-28-0200;-40.380615;-34.91748;15.0;15.0;-0.00023881856766450952;1087.57666015625;41.167625427246094
1984-06-28-0300;-40.379578;-34.386871;15.0;15.0;-0.0002395456986970883;1090.5482177734375;40.99453353881836
1984-06-28-0400;-40.396069;-33.828339;15.0;15.0;-0.00023296814464055852;1090.5482177734375;40.47711181640625
1984-06-28-0500;-40.425808;-33.225494;15.0;15.0;-0.00019448126263140337;1094.2637939453125;41.1643180847168
1984-06-28-0600;-40.419659;-32.651978;15.0;15.0;-0.00019958457901367887;1100.20849609375;41.410770416259766
1984-06-28-0700;-40.429016;-32.006958;15.0;15.0;-0.0001836917975987958;1103.9224853515625;40.92604446411133
1984-06-28-0800;-40.386368;-31.425171;15.0;15.0;-0.0001983149729980229;1113.5826416015625;40.09516143798828
1984-06-28-0900;-40.368744;-30.812438999999998;15.0;14.999999999999996;-0.00020631279569376015;1122.498779296875;39.72487258911133
1984-06-28-1000;-40.430058;-30.272705000000002;15.0;15.000000000000004;-0.0002027506927079005;1149.248779296875;36.92917251586914
1984-06-28-1100;-40.418129;-29.673645;15.0;15.0;-0.0002147978588819555;1156.678466796875;36.75511932373047
1984-06-28-1200;-40.437523;-28.982330000000005;15.0;15.000000000000004;-0.00018938636038706242;1163.365478515625;36.731109619140625
1984-06-28-1300;-40.439327;-28.353026999999997;15.0;14.999999999999996;-0.00017181944759558552;1166.338623046875;36.51107406616211
1984-06-28-1400;-40.463539;-27.662598000000003;15.0;15.000000000000004;-0.0001654127391357594;1161.880615234375;36.905941009521484
1984-06-28-1500;-40.511013;-26.951782;15.0;15.0;-0.00019206229743013763;1161.880615234375;37.206172943115234
1984-06-28-1600;-40.601822;-26.142455999999996;15.0;14.999999999999996;-0.00022101166470765168;1161.880615234375;36.66037368774414
1984-06-28-1700;-40.650555;-25.433563;15.0;15.0;-0.0002368767362925754;1164.109619140625;35.92425537109375
1984-06-28-1800;-40.69302;-24.716553000000005;15.0;15.000000000000004;-0.00025813605600831063;1164.109619140625;35.70490646362305
1984-06-28-1900;-40.722206;-24.031921;15.0;15.0;-0.0002567240116691374;1166.338623046875;34.97378158569336
1984-06-28-2000;-40.743217;-23.341888;15.0;15.0;-0.0002564534251954732;1169.3101806640625;34.38901901245117
1984-06-28-2100;-40.752449;-22.634033;15.0;15.0;-0.0002389546021258681;1174.5123291015625;33.68174743652344
1984-06-28-2200;-40.825573;-22.050659;15.0;15.0;-0.0002474025259334493;1174.5123291015625;34.28782653808594
1984-06-28-2300;-40.826561;-21.446533;15.0;15.0;-0.000265910928665745;1178.226318359375;34.553314208984375
1984-06-29-0000;-40.825352;-20.856018;15.0;15.0;-0.0002690155688424344;1180.455322265625;34.09086990356445
1984-06-29-0100;-40.854549;-20.313232;15.0;15.0;-0.00025327280801676;1180.455322265625;33.916748046875
1984-06-29-0200;-40.906731;-19.721191;15.0;15.0;-0.00025108064685241813;1182.6859130859375;33.76081466674805
1984-06-29-0300;-40.976086;-19.11734;15.0;15.0;-0.0002532289274231289;1185.657470703125;33.98521423339844
1984-06-29-0400;-41.03923;-18.463776;15.0;15.0;-0.0002483736492471087;1187.14404296875;33.6772575378418
1984-06-29-0500;-41.06461;-17.831238;15.0;15.0;-0.0002363157375430089;1188.6290283203125;33.86683654785156
1984-06-29-0600;-41.049843;-17.245605;15.0;15.0;-0.00023139061549545516;1190.8580322265625;33.843299865722656
1984-06-29-0700;-41.045654;-16.679504;15.0;15.0;-0.0002268355434166135;1196.8026123046875;33.59817123413086
1984-06-29-0800;-41.018394;-16.239349;15.0;15.0;-0.00021160815525679417;1202.747314453125;33.65556716918945
1984-06-29-0900;-40.997875;-15.788696000000002;15.0;15.000000000000002;-0.00021146460780750557;1206.462890625;33.4028434753418
1984-06-29-1000;-41.014355;-15.702026;15.0;15.0;-0.00020521230150953332;1218.3505859375;33.125362396240234
1984-06-29-1100;-40.983532;-15.341095;15.0;15.0;-0.00022500828723495656;1224.295166015625;33.21150588989258
1984-06-29-1200;-40.940395;-14.932189999999999;15.0;14.999999999999998;-0.00023095775528317192;1225.03759765625;33.36622619628906
1984-06-29-1300;-40.944004;-14.423552999999998;15.0;14.999999999999998;-0.00021706903501672996;1222.066162109375;33.606204986572266
1984-06-29-1400;-40.971096;-13.908051;15.0;15.0;-0.00023732032941302164;1219.0946044921875;33.78925323486328
1984-06-29-1500;-40.981323;-13.341614;15.0;15.0;-0.00023742996558300292;1221.3236083984375;32.692752838134766
1984-06-29-1600;-40.986069;-12.808533;15.0;15.0;-0.00029780911307382885;1223.552734375;31.13295555114746
1984-06-29-1700;-40.968941;-12.324463000000002;15.0;15.000000000000002;-0.00029731773223517783;1228.0107421875;31.49139976501465
1984-06-29-1800;-40.966026;-11.774718999999997;15.0;14.999999999999998;-0.00021762980979250177;1228.7532958984375;31.65275764465332
1984-06-29-1900;-40.919754;-11.298889000000003;15.0;15.000000000000002;-0.00014680974177836827;1230.9822998046875;30.98212242126465
1984-06-29-2000;-40.91198;-10.809814;15.0;15.0;-0.00012696476680742878;1233.2113037109375;30.653148651123047
1984-06-29-2100;-40.919514;-10.347931000000003;15.0;15.000000000000002;-0.0001236665728198098;1233.955322265625;30.88037109375
1984-06-29-2200;-41.12117;-9.791687;15.0;15.0;-0.00015977743138324908;1236.1844482421875;31.695072174072266
1984-06-29-2300;-41.156948;-9.136169000000002;15.0;15.000000000000002;-0.00016696384610288728;1235.4403076171875;32.31595230102539
1984-06-30-0000;-41.18557;-8.514893;15.0;15.0;-0.0001698057909648406;1239.1558837890625;33.002960205078125
1984-06-30-0100;-41.197666;-7.778777999999999;15.0;15.0;-0.00017344167390133307;1237.66943359375;34.045143127441406
1984-06-30-0200;-41.176823;-7.182129;15.0;15.0;-0.00016045271700460836;1237.66943359375;35.19364547729492
1984-06-30-0300;-41.162052;-6.447357;15.0;15.0;-0.0001472898714156499;1236.9268798828125;35.938961029052734
1984-06-30-0400;-41.137493;-5.759948999999999;15.0;15.0;-0.0001496899344996923;1234.6978759765625;36.55152893066406
1984-06-30-0500;-41.079727;-5.07959;15.0;15.0;-0.0001503656976694368;1234.6978759765625;36.5358772277832
1984-06-30-0600;-41.026417;-4.387421;15.0;15.0;-0.00014426979869202607;1236.9268798828125;35.944671630859375
1984-06-30-0700;-40.982502;-3.6833500000000003;15.0;15.0;-0.00013645065949768198;1238.4134521484375;36.25315856933594
1984-06-30-0800;-40.97776;-2.983124;15.0;15.0;-0.00013176222133192927;1240.6424560546875;36.4813346862793
1984-06-30-0900;-41.03751;-2.1995539999999996;15.0;15.0;-0.00013504834550208842;1242.87158203125;36.54072952270508
1984-06-30-1000;-41.2696;-1.5059509999999996;15.0;15.0;-0.00012041262386028022;1251.7877197265625;33.333106994628906
1984-06-30-1100;-41.3354;-0.6495060000000001;15.0;15.0;-0.0001131600083952356;1254.0167236328125;33.670902252197266
1984-06-30-1200;-41.375916;0.12307799999999958;15.0;15.0;-0.00010990870531820696;1253.274169921875;34.475948333740234
1984-06-30-1300;-41.45052;1.0192060000000005;15.0;15.0;-0.00010348055336633319;1245.843017578125;33.90605545043945
1984-06-30-1400;-41.53054;1.9344059999999996;15.0;15.0;-0.00010386486565974093;1245.843017578125;33.9183235168457
1984-06-30-1500;-41.601234;2.829504;15.0;15.0;-0.00010003145647272544;1245.843017578125;33.61502456665039
1984-06-30-1600;-41.690323;3.8512659999999994;15.0;15.0;-0.00011198562012051901;1248.072021484375;33.47340774536133
1984-06-30-1700;-41.746895;4.716411000000001;15.0;15.0;-0.00011982456243852824;1251.7877197265625;33.38337707519531
1984-06-30-1800;-41.787746;5.7089870000000005;15.0;15.0;-0.00011493170958935834;1254.0167236328125;33.235774993896484
1984-06-30-1900;-41.795921;6.511251;15.0;15.0;-0.00010690248744971369;1253.274169921875;32.7711181640625
1984-06-30-2000;-41.830887;7.353605;15.0;15.0;-0.0001123898055319418;1255.5032958984375;32.13645553588867
1984-06-30-2100;-41.860474;8.230486;15.0;15.0;-0.0001170033676213364;1254.7591552734375;31.657001495361328
1984-06-30-2200;-41.708782;9.040603;15.0;15.0;-0.00011582716550447604;1254.7591552734375;31.038084030151367
1984-06-30-2300;-41.663471;9.864469;15.0;15.0;-0.0001308460744765178;1256.9898681640625;30.558183670043945
1984-07-01-0000;-41.694931;10.777884999999998;15.0;14.999999999999998;-0.00014447321575436473;1258.4747314453125;30.722339630126953
1984-07-01-0100;-41.748222;11.801077;15.0;15.0;-0.00016619932677092923;1256.9898681640625;31.884061813354492
1984-07-01-0200;-41.759857;12.664182;15.0;15.0;-0.000218207348140038;1251.7877197265625;32.71826934814453
1984-07-01-0300;-41.827099;13.750248;15.0;15.0;-0.00022959977045180309;1248.816162109375;33.353214263916016
1984-07-01-0400;-41.800304;14.665316;15.0;15.0;-0.00024120909277409823;1247.32958984375;34.279541015625
1984-07-01-0500;-41.789803;15.512225999999998;15.0;14.999999999999998;-0.00023479393641035864;1248.816162109375;34.04820251464844
1984-07-01-0600;-41.770535;16.220755;15.0;15.0;-0.0002197640830710601;1249.55859375;33.91999053955078
1984-07-01-0700;-41.767712;17.074177;15.0;15.0;-0.00021481189746469612;1249.55859375;33.250244140625
1984-07-01-0800;-41.723427;17.774397;15.0;15.0;-0.00020497276375285394;1250.3011474609375;34.0579948425293
1984-07-01-0900;-41.661804;18.361988;15.0;15.0;-0.00017985103777678045;1251.7877197265625;34.82630920410156
1984-07-01-1000;-41.260906;18.350098;15.0;15.0;-0.00016477454988730967;1251.045166015625;36.01898956298828
1984-07-01-1100;-41.239201;19.105999;15.0;15.0;-0.00015274495477193706;1247.32958984375;35.77933883666992
1984-07-01-1200;-41.306698;19.916521;15.0;15.0;-0.0001460526399024531;1246.587158203125;36.88234329223633
1984-07-01-1300;-41.407352;20.835138;15.0;15.0;-0.00015484077694900562;1244.3580322265625;37.423030853271484
1984-07-01-1400;-41.416222;21.578632;15.0;15.0;-0.00018901562347027254;1241.385009765625;37.57595443725586
1984-07-01-1500;-41.381641;22.309755;15.0;15.0;-0.0002163243439065504;1242.87158203125;38.076202392578125
1984-07-01-1600;-41.293953;22.891924;15.0;15.0;-0.00024249132902597173;1243.614013671875;38.66161346435547
1984-07-01-1700;-41.223015;23.475437;15.0;15.0;-0.0002424293857816344;1245.843017578125;38.25645446777344
1984-07-01-1800;-41.225269;24.222878;15.0;15.0;-0.00022432747952433354;1245.843017578125;37.73162841796875
1984-07-01-1900;-41.193546;24.959097;15.0;15.0;-0.00023099937538643094;1249.55859375;37.769718170166016
1984-07-01-2000;-41.133675;25.658606;15.0;15.0;-0.0002122303438755901;1248.072021484375;38.30939865112305
1984-07-01-2100;-41.062557;26.202472999999998;15.0;14.999999999999996;-0.00022480031565765135;1248.072021484375;37.572967529296875
1984-07-01-2200;-40.761784;26.548541999999998;15.0;14.999999999999996;-0.00019552967894103724;1245.843017578125;36.12856674194336
1984-07-01-2300;-40.699886;27.284014;15.0;15.0;-0.00017997566489570498;1248.072021484375;35.611366271972656
1984-07-02-0000;-40.700024;27.980233999999996;15.0;14.999999999999996;-0.0001897869996239994;1255.5032958984375;35.994537353515625
1984-07-02-0100;-40.701534;28.691612;15.0;15.0;-0.0001878232074272279;1253.274169921875;36.477943420410156
1984-07-02-0200;-40.589115;29.274099;15.0;15.0;-0.000190914021410205;1253.274169921875;36.45604705810547
1984-07-02-0300;-40.385345;29.73872;15.0;15.0;-0.00018497452766512096;1255.5032958984375;35.95533752441406
1984-07-02-0400;-40.216038;30.297280999999998;15.0;14.999999999999996;-0.00016227024698484485;1257.7322998046875;36.472904205322266
1984-07-02-0500;-40.093193;30.928421;15.0;15.0;-0.00015482671956347258;1262.932861328125;34.95274353027344
1984-07-02-0600;-39.969616;31.587471;15.0;15.0;-0.00013475465810756676;1267.390869140625;33.97928237915039
1984-07-02-0700;-39.930946;32.370094;15.0;15.0;-0.00011808421778085646;1273.3355712890625;33.66254425048828
1984-07-02-0800;-39.888054;33.267132;15.0;15.0;-0.00011845757238030631;1278.5377197265625;32.69742965698242
1984-07-02-0900;-39.876907;33.977196;15.0;15.0;-0.00012469961167796686;1282.251708984375;33.371620178222656
