time;Lat;Lon;length;width;min_zeta_850;min_hgt_850;max_wind_850
1982-10-11-0700;-42.904819;-66.367218;15.0;15.0;-0.0001845033681145156;1046.8294677734375;29.2878360748291
1982-10-11-0800;-42.386635;-64.055237;15.0;15.0;-0.00017599166928550873;1049.8408203125;30.045040130615234
1982-10-11-0900;-42.129581;-63.166595;15.0;15.0;-0.00020325354572715745;1054.3594970703125;31.261150360107422
1982-10-11-1000;-42.315598;-61.788788;15.0;15.0;-0.00022478653144559542;1056.6187744140625;32.297584533691406
1982-10-11-1100;-42.098717;-61.45343;15.0;15.0;-0.00023163586842870975;1058.1243896484375;33.0875358581543
1982-10-11-1200;-41.924126;-61.139587000000006;15.0;15.000000000000007;-0.00019794032115481286;1058.87646484375;34.19346618652344
1982-10-11-1300;-41.808281;-60.780640000000005;15.0;15.000000000000007;-0.00020713868903976678;1059.630126953125;35.81945037841797
1982-10-11-1400;-41.74387;-60.392821999999995;15.0;14.999999999999993;-0.00022299701695668888;1061.1357421875;36.857173919677734
1982-10-11-1500;-41.807625;-59.75598099999999;15.0;14.999999999999993;-0.0002343104034373429;1061.889404296875;37.656707763671875
1982-10-11-1600;-41.763664;-59.331665;15.0;15.0;-0.00023986047118193543;1066.406494140625;38.38338851928711
1982-10-11-1700;-41.715309;-58.87365700000001;15.0;15.000000000000007;-0.00024784715499577987;1064.9007568359375;39.01978302001953
1982-10-11-1800;-41.585682;-58.25451699999999;15.0;14.999999999999993;-0.00026252736670962754;1067.1600341796875;39.56663131713867
1982-10-11-1900;-41.44442;-57.705933;15.0;15.0;-0.0002756359469604488;1069.4178466796875;40.12983703613281
1982-10-11-2000;-41.42527;-57.160431;15.0;15.0;-0.00028650844816165567;1070.925048828125;40.73785400390625
1982-10-11-2100;-41.348274;-56.690155000000004;15.0;15.000000000000007;-0.0002985030857740672;1073.1827392578125;40.85795211791992
1982-10-11-2200;-41.098442;-57.014679;15.0;15.0;-0.00030379590225100225;1067.912109375;41.52927017211914
1982-10-11-2300;-40.8908;-57.135681000000005;15.0;15.000000000000007;-0.00030183627022726194;1067.912109375;41.281776428222656
1982-10-12-0000;-40.730099;-57.28982500000001;15.0;15.000000000000007;-0.0003173854132466436;1067.912109375;41.09847640991211
1982-10-12-0100;-40.676132;-57.298125999999996;15.0;14.999999999999993;-0.0003394932798227595;1070.925048828125;41.00177764892578
1982-10-12-0200;-40.496578;-57.857451999999995;15.0;14.999999999999993;-0.0003520836216484206;1073.9364013671875;40.91054916381836
1982-10-12-0300;-40.272652;-58.69607500000001;15.0;15.000000000000007;-0.00035525044217139866;1075.442138671875;40.550785064697266
1982-10-12-0400;-40.106247;-59.188141;15.0;15.0;-0.0003503303296331363;1073.9364013671875;39.85039520263672
1982-10-12-0500;-39.883385;-59.402862999999996;15.0;14.999999999999993;-0.0003495209317907769;1075.442138671875;39.04450988769531
1982-10-12-0600;-39.585411;-59.54361;15.0;15.0;-0.0003816537026640046;1073.9364013671875;38.059844970703125
1982-10-12-0700;-39.187447;-59.44516;15.0;15.0;-0.00048145272883499;1078.4534912109375;37.114356994628906
1982-10-12-0800;-38.686867;-59.293335;15.0;15.0;-0.0004192097254707137;1079.960693359375;36.25147247314453
1982-10-12-0900;-38.21228;-59.14755199999999;15.0;14.999999999999993;-0.0003752981507281877;1084.477783203125;38.88991928100586
1982-10-12-1000;-36.815109;-58.81051600000001;15.0;15.000000000000007;-0.00042077978380168786;1085.9833984375;38.84349060058594
1982-10-12-1100;-36.465687;-58.45083600000001;15.0;15.000000000000007;-0.0005215694169111687;1087.4891357421875;39.60306167602539
1982-10-12-1200;-36.182926;-58.117583999999994;15.0;14.999999999999993;-0.0005406962662223006;1090.5020751953125;39.44612121582031
1982-10-12-1300;-35.96125;-57.665009;15.0;15.0;-0.0005109806753065146;1092.7613525390625;38.91765213012695
1982-10-12-1400;-35.936527;-57.253142999999994;15.0;14.999999999999993;-0.0004900248890479073;1094.2669677734375;37.48210525512695
1982-10-12-1500;-35.901936;-56.85153199999999;15.0;14.999999999999993;-0.00044787173033251286;1098.031982421875;35.623111724853516
1982-10-12-1600;-35.884293;-56.354218;15.0;15.0;-0.0003873975113912107;1100.2896728515625;34.23805236816406
1982-10-12-1700;-35.795853;-55.861877;15.0;15.0;-0.0003507333761207734;1103.3026123046875;33.456993103027344
1982-10-12-1800;-35.832588;-55.353546;15.0;15.0;-0.0003385982092042206;1106.31396484375;32.735355377197266
1982-10-12-1900;-35.791676;-54.872864;15.0;15.0;-0.0003504986048636956;1112.3382568359375;32.92363357543945
1982-10-12-2000;-35.719231;-54.199829;15.0;15.0;-0.0003677263749238886;1116.8553466796875;32.70592498779297
1982-10-12-2100;-35.619007;-53.656708;15.0;15.0;-0.00036711144107185107;1122.879638671875;32.45375442504883
1982-10-12-2200;-35.819271;-53.129364;15.0;15.0;-0.0003728896353122002;1130.4095458984375;34.396671295166016
1982-10-12-2300;-35.730026;-52.501312;15.0;15.0;-0.0003578602264940392;1132.667236328125;33.907100677490234
1982-10-13-0000;-35.753769;-51.725891;15.0;15.0;-0.0003467664859689559;1133.4208984375;33.12618637084961
1982-10-13-0100;-35.82386;-50.880005;15.0;15.0;-0.00032886294101734133;1136.4322509765625;32.633460998535156
1982-10-13-0200;-35.812202;-50.184082;15.0;15.0;-0.0003119831617484397;1136.4322509765625;31.38422203063965
1982-10-13-0300;-35.913952;-49.409302;15.0;15.0;-0.0002854449254217198;1137.9395751953125;30.135072708129883
1982-10-13-0400;-36.005951;-48.724884;15.0;15.0;-0.0002702170842735104;1136.4322509765625;28.484434127807617
1982-10-13-0500;-36.024445;-48.11145;15.0;15.0;-0.000265601150573929;1138.6915283203125;28.251691818237305
1982-10-13-0600;-36.058708;-47.570068;15.0;15.0;-0.0002603853400025706;1140.950927734375;31.069841384887695
1982-10-13-0700;-36.093517;-46.997498;15.0;15.0;-0.0002604583057821032;1146.2215576171875;31.383085250854492
1982-10-13-0800;-36.195454;-46.393158;15.0;15.0;-0.00030348031906403947;1149.986572265625;31.092138290405273
1982-10-13-0900;-36.291077;-45.794769;15.0;15.0;-0.00035560202305485566;1153.75146484375;29.92448616027832
1982-10-13-1000;-36.675587;-45.0914;15.0;15.0;-0.00033746555533923863;1163.5391845703125;29.220396041870117
1982-10-13-1100;-36.80262;-44.537933;15.0;15.0;-0.00030587893535906493;1164.2928466796875;28.69054412841797
1982-10-13-1200;-36.942898;-43.950348;15.0;15.0;-0.00029112333042989136;1165.0465087890625;29.12920379638672
1982-10-13-1300;-37.05315;-43.412262;15.0;15.0;-0.0002869393801349846;1164.2928466796875;29.191394805908203
1982-10-13-1400;-37.132687;-42.849945;15.0;15.0;-0.00030275222197160114;1164.2928466796875;31.84636878967285
1982-10-13-1500;-37.266171;-42.285278;15.0;15.0;-0.0003017025064854915;1165.0465087890625;31.70494842529297
1982-10-13-1600;-37.379227;-41.762909;15.0;15.0;-0.00030184531218291707;1160.52783203125;31.691532135009766
1982-10-13-1700;-37.467258;-41.247101;15.0;15.0;-0.0003752772734955302;1144.7158203125;33.02140808105469
1982-10-13-1800;-37.616322;-40.598541;15.0;15.0;-0.0003913862275238281;1134.174560546875;34.73836135864258
1982-10-13-1900;-37.728882;-39.976227;15.0;15.0;-0.0003988726483682074;1126.6446533203125;36.51061248779297
1982-10-13-2000;-38.041576;-39.478668;15.0;15.0;-0.00040432591171014475;1117.6090087890625;37.985023498535156
1982-10-13-2100;-38.428734;-39.064209;15.0;15.0;-0.00042020329395007485;1110.0789794921875;38.790809631347656
1982-10-13-2200;-38.911335;-38.711029;15.0;15.0;-0.0004498523004702531;1085.9833984375;39.978904724121094
1982-10-13-2300;-39.243286;-38.349152;15.0;15.0;-0.00043655992993804995;1075.442138671875;41.39613342285156
1982-10-14-0000;-39.56332;-37.927216;15.0;15.0;-0.00046089480435090906;1068.665771484375;42.43029022216797
1982-10-14-0100;-39.863327;-37.589142;15.0;15.0;-0.0004712512780771723;1059.630126953125;42.5806884765625
1982-10-14-0200;-40.093853;-37.299286;15.0;15.0;-0.0004860799852648039;1049.0887451171875;42.50129699707031
1982-10-14-0300;-40.364319;-36.968933;15.0;15.0;-0.00047463801149939187;1039.299560546875;44.14898681640625
1982-10-14-0400;-40.602768;-36.671967;15.0;15.0;-0.0005153627368204834;1025.746826171875;46.00764083862305
1982-10-14-0500;-40.823952;-36.41745;15.0;15.0;-0.0005214427427055247;1014.451904296875;47.26262664794922
1982-10-14-0600;-41.061256;-36.148376;15.0;15.0;-0.0005162205550473534;1004.6626586914062;48.588748931884766
1982-10-14-0700;-41.287506;-35.946075;15.0;15.0;-0.000545736997948779;996.380615234375;48.895992279052734
1982-10-14-0800;-41.538631;-35.695038;15.0;15.0;-0.0005434923791388379;991.8619995117188;48.9465446472168
1982-10-14-0900;-41.699181;-35.566803;15.0;15.0;-0.00048550850646635947;992.6156616210938;48.89698028564453
1982-10-14-1000;-41.9814;-35.317383;15.0;15.0;-0.0004516660652973667;985.085693359375;49.413299560546875
1982-10-14-1100;-42.125175;-35.207306;15.0;15.0;-0.0004254675531049574;982.0743408203125;49.36592102050781
1982-10-14-1200;-42.28297;-35.026642;15.0;15.0;-0.0004154760983533091;982.8263549804688;47.86461639404297
1982-10-14-1300;-42.546329;-34.635773;15.0;15.0;-0.00048349191712726645;981.3206787109375;46.766170501708984
1982-10-14-1400;-42.521255;-34.687195;15.0;15.0;-0.0005119809999498626;982.8263549804688;45.50263977050781
1982-10-14-1500;-42.679737;-34.395721;15.0;15.0;-0.0005106220636335527;981.3206787109375;44.59354782104492
1982-10-14-1600;-42.688946;-34.329468;15.0;15.0;-0.00046772668795836824;983.5800170898438;44.23301696777344
1982-10-14-1700;-42.764999;-34.072845;15.0;15.0;-0.00044687212231123304;985.8392944335938;44.59318923950195
1982-10-14-1800;-42.809834;-33.873779;15.0;15.0;-0.00041216515769884783;984.3336181640625;44.05537033081055
1982-10-14-1900;-42.892216;-33.606323;15.0;15.0;-0.0004098778659827078;987.344970703125;43.11940383911133
1982-10-14-2000;-42.974621;-33.296967;15.0;15.0;-0.00039510799018588734;991.8619995117188;41.48920440673828
1982-10-14-2100;-43.057487;-32.937378;15.0;15.0;-0.0003746277766132212;993.3692626953125;40.46661376953125
1982-10-14-2200;-43.366371;-32.805756;15.0;15.0;-0.0003892750713372684;997.1326904296875;42.61166000366211
1982-10-14-2300;-43.411587;-32.431732;15.0;15.0;-0.000346340842337921;998.6399536132812;42.96683883666992
1982-10-15-0000;-43.443356;-32.018707;15.0;15.0;-0.00032907253086167767;997.1326904296875;42.80876541137695
1982-10-15-0100;-43.484455;-31.601532;15.0;15.0;-0.00031696511350776346;995.6270141601562;42.6659049987793
1982-10-15-0200;-43.549435;-31.197021;15.0;15.0;-0.00031892183975209783;996.380615234375;42.01054000854492
1982-10-15-0300;-43.617447;-30.801604999999995;15.0;14.999999999999996;-0.00036063420943706603;997.1326904296875;41.572731018066406
1982-10-15-0400;-43.65881;-30.369904;15.0;15.0;-0.0003992703038468637;1000.1456298828125;40.772979736328125
1982-10-15-0500;-43.705044;-29.906281;15.0;15.0;-0.00042134204832480835;1003.9105834960938;39.339012145996094
1982-10-15-0600;-43.757019;-29.408812999999995;15.0;14.999999999999996;-0.00042471093081899644;1007.6755981445312;37.60112762451172
1982-10-15-0700;-43.808281;-28.892181;15.0;15.0;-0.0004245761861835118;1012.192626953125;35.96257400512695
1982-10-15-0800;-43.879135;-28.380981;15.0;15.0;-0.0004086898887530271;1013.6983032226562;35.4195556640625
1982-10-15-0900;-44.028099;-27.803252999999998;15.0;14.999999999999996;-0.00037222379267604994;1018.9689331054688;35.206504821777344
1982-10-15-1000;-44.1255;-27.461853000000005;15.0;15.000000000000004;-0.0003379530625127564;1031.76953125;34.97085189819336
1982-10-15-1100;-44.237564;-26.952881000000005;15.0;15.000000000000004;-0.0003066998313620082;1036.2882080078125;35.13584899902344
1982-10-15-1200;-44.32428;-26.487488;15.0;15.0;-0.0002694083599741467;1032.523193359375;35.021766662597656
1982-10-15-1300;-44.396545;-26.014770999999996;15.0;14.999999999999996;-0.00024125343897163937;1024.2396240234375;35.31279754638672
1982-10-15-1400;-44.478119;-25.552216;15.0;15.0;-0.00022284989296121474;1012.9462280273438;35.599430084228516
1982-10-15-1500;-44.561157;-25.071381000000002;15.0;15.000000000000004;-0.00020932821691692818;1006.1683349609375;35.30538558959961
1982-10-15-1600;-44.749825;-24.485687;15.0;15.0;-0.00020503786744890286;1001.6513061523438;34.66440963745117
1982-10-15-1700;-44.9851;-23.859802;15.0;15.0;-0.00020217894647504844;997.1326904296875;34.308231353759766
1982-10-15-1800;-45.265305;-23.196686;15.0;15.0;-0.00019945426600766485;986.5913696289062;33.84695816040039
1982-10-15-1900;-45.576599;-22.483521;15.0;15.0;-0.0001903912522275463;974.5443725585938;34.30263137817383
1982-10-15-2000;-45.841545;-21.836731;15.0;15.0;-0.00017827570083145622;964.7550659179688;34.26856231689453
1982-10-15-2100;-46.113697;-21.185883;15.0;15.0;-0.00016853079728499517;957.978759765625;34.130950927734375
1982-10-15-2200;-46.473488;-20.796173;15.0;15.0;-0.00016590140972948573;948.1911010742188;33.61796188354492
1982-10-15-2300;-46.682178;-20.148346;15.0;15.0;-0.0002037804839633107;948.943115234375;33.99858856201172
1982-10-16-0000;-46.973862;-19.468689;15.0;15.0;-0.000255740897049285;945.1781005859375;33.87372970581055
1982-10-16-0100;-47.300053;-18.761688;15.0;15.0;-0.00023227947467707814;945.1781005859375;33.57807540893555
1982-10-16-0200;-47.638733;-18.019775;15.0;15.0;-0.00018463988782859548;948.1911010742188;33.26008224487305
1982-10-16-0300;-47.936211;-17.334717;15.0;15.0;-0.0001602576809799172;948.943115234375;33.817813873291016
1982-10-16-0400;-48.203732;-16.723663;15.0;15.0;-0.00015272753287971257;950.4487915039062;33.3083610534668
1982-10-16-0500;-48.45105;-16.144501;15.0;15.0;-0.00014788626958642487;951.202392578125;34.0227165222168
1982-10-16-0600;-48.701309;-15.632080000000002;15.0;15.000000000000002;-0.00015777124009822452;950.4487915039062;33.81388473510742
1982-10-16-0700;-49.01226;-15.078949000000001;15.0;15.000000000000002;-0.00017433986739688498;953.4617309570312;33.646427154541016
1982-10-16-0800;-49.307796;-14.563721000000001;15.0;15.000000000000002;-0.0001814769395898725;957.2266845703125;33.5561637878418
1982-10-16-0900;-49.73394;-13.893951000000001;15.0;15.000000000000002;-0.000186480775671763;959.4844360351562;34.27770233154297
1982-10-16-1000;-49.723457;-13.398620999999999;15.0;14.999999999999998;-0.0001859724724152248;969.273681640625;34.67957305908203
1982-10-16-1100;-50.17255;-12.577300999999999;15.0;14.999999999999998;-0.00018434118766444483;973.7907104492188;34.87351989746094
1982-10-16-1200;-50.635223;-11.724152;15.0;15.0;-0.0001783329008215025;976.8036499023438;34.469764709472656
1982-10-16-1300;-51.001251;-10.974915;15.0;15.0;-0.0001752334283111261;982.0743408203125;34.01991271972656
1982-10-16-1400;-51.269482;-10.351044000000002;15.0;15.000000000000002;-0.0001806744177122125;985.8392944335938;33.42550277709961
1982-10-16-1500;-51.487106;-9.818817;15.0;15.0;-0.00018904050285347497;987.344970703125;33.03823471069336
1982-10-16-1600;-51.642647;-9.381591999999998;15.0;14.999999999999998;-0.00019918561333346556;992.6156616210938;32.170047760009766
1982-10-16-1700;-51.767368;-9.020569000000002;15.0;15.000000000000002;-0.00020311517286871245;997.1326904296875;31.56229591369629
1982-10-16-1800;-51.873425;-8.713225999999999;15.0;14.999999999999998;-0.00020226987470321143;1000.1456298828125;30.72152328491211
1982-10-16-1900;-51.960716;-8.453827;15.0;15.0;-0.00020136451360962265;1004.6626586914062;29.88254737854004
1982-10-16-2000;-52.052711;-8.25531;15.0;15.0;-0.00019835101561391637;1007.6755981445312;28.865095138549805
1982-10-16-2100;-52.146599;-8.089691;15.0;15.0;-0.00020005575126439383;1012.9462280273438;27.83810043334961
1982-10-16-2200;-52.074474;-7.843903000000001;15.0;15.0;-0.0002063126823060745;1011.4405517578125;27.898653030395508
1982-10-16-2300;-52.15435;-7.7471309999999995;15.0;15.0;-0.00020868682618670943;1015.9575805664062;27.384052276611328
1982-10-17-0000;-52.211319;-7.657195999999999;15.0;15.0;-0.00020475269779332903;1021.228271484375;28.473337173461914
1982-10-17-0100;-52.26865;-7.5509640000000005;15.0;15.0;-0.00019672888070472198;1026.4989013671875;29.390716552734375
1982-10-17-0200;-52.322681;-7.368622;15.0;15.0;-0.00018975051490470324;1034.02880859375;29.945466995239258
1982-10-17-0300;-52.378696;-7.156006;15.0;15.0;-0.00018362367729925244;1041.558837890625;30.246814727783203
1982-10-17-0400;-52.419285;-6.924225;15.0;15.0;-0.0001900091056481715;1049.8408203125;30.03059959411621
1982-10-17-0500;-52.437904;-6.664276000000001;15.0;15.0;-0.000199992104505223;1056.6187744140625;29.587154388427734
1982-10-17-0600;-52.460842;-6.408051;15.0;15.0;-0.00017968809231988593;1066.406494140625;29.51570701599121
1982-10-17-0700;-52.450428;-6.200866999999999;15.0;15.0;-0.00014740364424611704;1075.442138671875;29.725522994995117
1982-10-17-0800;-52.464222;-5.9805600000000005;15.0;15.0;-0.00014344772364189104;1084.477783203125;29.931962966918945
1982-10-17-0900;-52.535023;-5.713837;15.0;15.0;-0.0001508759763893663;1092.0076904296875;30.136146545410156
1982-10-17-1000;-52.547306;-5.649536000000001;15.0;15.0;-0.0001581425944533991;1101.7969970703125;30.371498107910156
1982-10-17-1100;-52.669376;-5.2853390000000005;15.0;15.0;-0.00022458478729318497;1115.349609375;30.692825317382812
1982-10-17-1200;-52.793457;-4.928405999999999;15.0;15.0;-0.00021586819754371693;1122.879638671875;30.873743057250977
1982-10-17-1300;-52.925194;-4.563476999999999;15.0;15.0;-0.00017784244016636323;1134.174560546875;30.809364318847656
1982-10-17-1400;-53.046494;-4.2327580000000005;15.0;15.0;-0.0001786405354145457;1131.915283203125;30.443965911865234
1982-10-17-1500;-53.123295;-3.8361820000000004;15.0;15.0;-0.00018299601524977745;1133.4208984375;28.39361000061035
1982-10-17-1600;-53.176788;-3.4583130000000004;15.0;15.0;-0.00018537423000120008;1131.915283203125;29.955595016479492
1982-10-17-1700;-53.24284;-3.117096;15.0;15.0;-0.0001830164169395454;1133.4208984375;30.637849807739258
1982-10-17-1800;-53.321533;-2.8484499999999997;15.0;15.0;-0.0001753880291112689;1134.174560546875;32.188385009765625
1982-10-17-1900;-53.412998;-2.6663510000000006;15.0;15.0;-0.00017939378423432182;1136.4322509765625;32.93291473388672
1982-10-17-2000;-53.515079;-2.529724;15.0;15.0;-0.0001928117985421059;1136.4322509765625;34.529937744140625
1982-10-17-2100;-53.622021;-2.4247440000000005;15.0;15.0;-0.00022424751173876208;1137.9395751953125;37.428035736083984
1982-10-17-2200;-53.825596;-2.8113709999999994;15.0;15.0;-0.0002541325689070095;1132.667236328125;43.3073616027832
1982-10-17-2300;-53.932671;-2.6278380000000006;15.0;15.0;-0.00025035632937177543;1131.915283203125;46.178977966308594
1982-10-18-0000;-54.032238;-2.4107059999999993;15.0;15.0;-0.0002499472374994737;1131.915283203125;44.92466354370117
1982-10-18-0100;-54.107166;-2.1518250000000005;15.0;15.0;-0.0002624142893547623;1130.4095458984375;45.92150115966797
1982-10-18-0200;-54.182156;-1.8596500000000002;15.0;15.0;-0.00029467762890286373;1116.8553466796875;46.6371955871582
1982-10-18-0300;-54.246456;-1.5488889999999995;15.0;15.0;-0.0003152942400598912;1097.2783203125;47.32597732543945
1982-10-18-0400;-54.278866;-1.1858520000000001;15.0;15.0;-0.00029358550439090303;1076.1956787109375;46.424835205078125
1982-10-18-0500;-54.315067;-0.8456119999999996;15.0;15.0;-0.00027484234682515634;1045.3238525390625;46.32908630371094
1982-10-18-0600;-54.347786;-0.4850159999999999;15.0;15.0;-0.00031817191855805526;1022.7339477539062;46.54133224487305
1982-10-18-0700;-54.367706;-0.08767700000000023;15.0;15.0;-0.0003822538064525527;1006.1683349609375;46.82098388671875
1982-10-18-0800;-54.400005;0.3184889999999996;15.0;15.0;-0.00036949779715188106;988.0970458984375;46.798099517822266
1982-10-18-0900;-54.475731;0.6879550000000001;15.0;15.0;-0.00035313760687747216;970.7793579101562;47.30802536010742
1982-10-18-1000;-54.367867;1.4387860000000003;15.0;15.0;-0.00035593439293510614;950.4487915039062;46.4390983581543
1982-10-18-1100;-54.444687;1.851616;15.0;15.0;-0.0003692042534751471;936.8961181640625;46.59029006958008
1982-10-18-1200;-54.527069;2.2901729999999993;15.0;15.0;-0.0003859412528219075;926.3547973632812;46.243446350097656
1982-10-18-1300;-54.602093;2.7764519999999995;15.0;15.0;-0.00039164794419063145;914.3062133789062;46.60547637939453
1982-10-18-1400;-54.664112;3.305707;15.0;15.0;-0.00038421839305939143;906.77783203125;46.43833541870117
1982-10-18-1500;-54.730064;3.908244;15.0;15.0;-0.0003989529263074751;907.5299072265625;46.02613830566406
1982-10-18-1600;-54.81778;4.568097999999999;15.0;15.0;-0.00038186455779044224;904.5185546875;45.37008285522461
1982-10-18-1700;-54.892113;5.231086999999999;15.0;15.0;-0.00038166098738020177;899.2478637695312;46.4594841003418
1982-10-18-1800;-54.954338;5.8187999999999995;15.0;15.0;-0.0003689404466036717;896.2349243164062;45.56977081298828
1982-10-18-1900;-55.050491;6.325006;15.0;15.0;-0.00034718730094283114;894.729248046875;45.4900016784668
1982-10-18-2000;-55.125343;6.733015999999999;15.0;15.0;-0.0003549990442279676;892.469970703125;44.92066955566406
1982-10-18-2100;-55.21241;7.105167999999999;15.0;15.0;-0.00033534643545044847;890.2122192382812;44.13555145263672
1982-10-18-2200;-55.34211;7.5091719999999995;15.0;15.0;-0.00032545548145900894;893.9772338867188;44.02476119995117
1982-10-18-2300;-55.42794;7.8528;15.0;15.0;-0.0003355287345856628;895.48291015625;44.60762405395508
1982-10-19-0000;-55.511822;8.181212;15.0;15.0;-0.0003504954962659226;894.729248046875;45.46818542480469
1982-10-19-0100;-55.602772;8.520053;15.0;15.0;-0.00035302159187513334;897.7421875;46.10426712036133
1982-10-19-0200;-55.707237;8.803017;15.0;15.0;-0.0003441742482063264;896.9885864257812;46.69813537597656
1982-10-19-0300;-55.79319;9.113511000000003;15.0;15.000000000000002;-0.0003125133113024664;899.2478637695312;47.270835876464844
1982-10-19-0400;-55.856831;9.479739000000002;15.0;15.000000000000002;-0.0002832356785876004;898.4942626953125;47.0900993347168
1982-10-19-0500;-55.922905;9.775274;15.0;15.0;-0.0003555962281844103;896.2349243164062;46.76190185546875
1982-10-19-0600;-56.002678;10.015554999999999;15.0;14.999999999999998;-0.00044104591286516263;896.9885864257812;45.88737487792969
1982-10-19-0700;-56.098553;10.168579000000001;15.0;15.000000000000002;-0.0005387023730349899;895.48291015625;44.96350860595703
1982-10-19-0800;-56.170792;10.277141999999998;15.0;14.999999999999998;-0.0005203288912825236;896.9885864257812;44.417633056640625
1982-10-19-0900;-56.216095;10.470354;15.0;15.0;-0.0005139884530119531;901.505615234375;43.852909088134766
1982-10-19-1000;-56.556599000000006;9.874479000000001;15.000000000000007;15.000000000000002;-0.0004948638616453643;917.3191528320312;45.08066940307617
1982-10-19-1100;-56.652705999999995;10.231324999999998;14.999999999999993;14.999999999999998;-0.00044678633416681034;919.576904296875;44.680877685546875
1982-10-19-1200;-56.718266;10.612074;15.0;15.0;-0.0003919440537905282;918.8248291015625;44.15158462524414
1982-10-19-1300;-56.812904;10.884748000000002;15.0;15.000000000000002;-0.0003681985166720865;915.0598754882812;44.26578903198242
1982-10-19-1400;-56.90007399999999;11.185597999999999;14.999999999999993;14.999999999999998;-0.0003718498344225292;915.0598754882812;44.07082748413086
1982-10-19-1500;-57.028412;11.329798;15.0;15.0;-0.00035636852621617385;915.0598754882812;43.92795181274414
1982-10-19-1600;-57.135311;11.479474;15.0;15.0;-0.0003217516887043046;916.5655517578125;43.78892135620117
1982-10-19-1700;-57.15122199999999;11.910496000000002;14.999999999999993;15.000000000000002;-0.0003031837199026339;915.8134765625;43.582733154296875
1982-10-19-1800;-57.149731;12.370017;15.0;15.0;-0.00026362681863078847;916.5655517578125;43.65673828125
1982-10-19-1900;-57.10386299999999;12.997869000000001;14.999999999999993;15.000000000000002;-0.0002869145466021232;915.0598754882812;43.597557067871094
1982-10-19-2000;-57.048778999999996;13.610416999999998;14.999999999999993;14.999999999999998;-0.0003003463360760353;918.0712280273438;43.36126708984375
1982-10-19-2100;-56.986053;14.251117999999998;15.0;14.999999999999998;-0.0003034032503053665;916.5655517578125;43.183353424072266
1982-10-19-2200;-56.782489999999996;15.38187;14.999999999999993;15.0;-0.00031979676470482075;915.0598754882812;43.4857063293457
1982-10-19-2300;-56.686477999999994;16.0331;14.999999999999993;15.0;-0.00031156373082667234;918.0712280273438;43.13284683227539
1982-10-20-0000;-56.597522999999995;16.771618;14.999999999999993;15.0;-0.00031298394533279324;918.0712280273438;42.75431823730469
1982-10-20-0100;-56.52794299999999;17.436411;14.999999999999993;15.0;-0.00031755109800335696;918.8248291015625;42.90300369262695
1982-10-20-0200;-56.461136;18.08967;15.0;15.0;-0.00030233403289937335;918.8248291015625;42.588775634765625
1982-10-20-0300;-56.390785;18.754183;15.0;15.0;-0.0002857034074733617;921.0841674804688;41.75174331665039
1982-10-20-0400;-56.306618;19.475523;15.0;15.0;-0.00026899916507616185;917.3191528320312;41.22021484375
1982-10-20-0500;-56.198948;20.253979;15.0;15.0;-0.00027838432916524146;915.8134765625;41.2746467590332
1982-10-20-0600;-56.096775;21.0637;15.0;15.0;-0.0002625950828595392;913.55419921875;42.08327865600586
1982-10-20-0700;-56.002296;21.821918;15.0;15.0;-0.00023935871223135436;915.0598754882812;42.72072982788086
1982-10-20-0800;-55.979172;22.449974;15.0;15.0;-0.00022669189581419594;913.55419921875;42.894805908203125
1982-10-20-0900;-55.974266;23.013361;15.0;15.0;-0.00026115446689968654;915.8134765625;42.8568229675293
1982-10-20-1000;-55.736725;24.46455;15.0;15.0;-0.0003544838732240006;930.871826171875;44.93524169921875
1982-10-20-1100;-55.782974;25.206026;15.0;15.0;-0.0004306173841630082;929.3661499023438;44.529754638671875
1982-10-20-1200;-55.839977;26.007074000000003;15.0;15.000000000000004;-0.00035189782939851666;923.3418579101562;44.06572341918945
1982-10-20-1300;-55.965858;26.810270000000003;15.0;15.000000000000004;-0.00023216026710934877;924.84912109375;43.38483810424805
1982-10-20-1400;-56.112186;27.614053999999996;15.0;14.999999999999996;-0.0002417116060303461;920.3305053710938;42.81422805786133
1982-10-20-1500;-56.229725;28.359420999999998;15.0;14.999999999999996;-0.00026594440716060065;921.0841674804688;42.53557205200195
1982-10-20-1600;-56.374317;29.103935;15.0;15.0;-0.0002659896066047539;921.0841674804688;42.17862319946289
1982-10-20-1700;-56.535652;29.782835;15.0;15.0;-0.0002704695387535629;918.8248291015625;42.061981201171875
1982-10-20-1800;-56.660281999999995;30.351402;14.999999999999993;15.0;-0.0002967645459149124;917.3191528320312;42.44625473022461
1982-10-20-1900;-56.800467999999995;30.926775;14.999999999999993;15.0;-0.00033108414267553495;918.8248291015625;42.43468475341797
1982-10-20-2000;-56.938709;31.521624000000003;15.0;15.000000000000004;-0.00036543393504423916;916.5655517578125;42.56122589111328
1982-10-20-2100;-57.11376200000001;32.146214;15.000000000000007;15.0;-0.0003994574521075766;918.8248291015625;42.35385513305664
1982-10-20-2200;-57.29231300000001;32.744785;15.000000000000007;15.0;-0.00029884398625035745;921.0841674804688;42.6226692199707
1982-10-20-2300;-57.495521999999994;33.318596;14.999999999999993;15.0;-0.00028946526851627425;922.58984375;42.49242401123047
1982-10-21-0000;-57.713993;33.885105;15.0;15.0;-0.00027807381443459013;927.1068725585938;41.90907669067383
1982-10-21-0100;-57.93294900000001;34.521042;15.000000000000007;15.0;-0.000257391862608347;924.84912109375;40.921207427978516
1982-10-21-0200;-58.19852800000001;35.231773;15.000000000000007;15.0;-0.00024201337024817214;927.8604736328125;39.88893508911133
1982-10-21-0300;-58.496048;35.942478;15.0;15.0;-0.00023819846666630094;927.1068725585938;39.7974853515625
1982-10-21-0400;-58.88789;36.611214;15.0;15.0;-0.00022505727715675314;930.1198120117188;39.458213806152344
1982-10-21-0500;-59.27296799999999;37.186459;14.999999999999993;15.0;-0.00022220787660075534;932.3775024414062;39.04533004760742
1982-10-21-0600;-59.673351;37.693211;15.0;15.0;-0.00021679544714360224;935.3904418945312;38.69273376464844
