time;Lat;Lon;length;width;min_zeta_850;min_hgt_850;max_wind_850
1994-07-14-0600;-34.015869;-56.31781;15;15;-1.910908211335772e-05;1415.0538330078125;20.081329345703125
1994-07-14-0700;-35.644516;-55.626129;15;15;-1.793438867651564e-05;1393.6094970703125;17.827951431274414
1994-07-14-0800;-36.483475;-55.298187;15;15;-3.0275198285729047e-05;1387.6934814453125;19.175575256347656
1994-07-14-0900;-37.060677;-54.996704;15;15;-3.3122036653354735e-05;1385.4739990234375;20.49700164794922
1994-07-14-1000;-37.649162;-54.195465;15;15;-3.094597629884393e-05;1382.516845703125;21.149354934692383
1994-07-14-1100;-38.069492;-53.859192;15;15;-2.893561935174111e-05;1380.2989501953125;20.78247833251953
1994-07-14-1200;-38.583889;-53.635345;15;15;-4.2652891315131725e-05;1375.122314453125;21.072227478027344
1994-07-14-1300;-38.988121;-53.449585;15;15;-4.682757743298536e-05;1369.9456787109375;22.33467674255371
1994-07-14-1400;-38.766785;-52.715576;15;15;-4.713233419219714e-05;1369.2064208984375;23.4531192779541
1994-07-14-1500;-38.427731;-51.916473;15;15;-4.1159296399879294e-05;1375.8616943359375;22.659000396728516
1994-07-14-1600;-37.868992;-50.883698;15;15;-4.3101735868531636e-05;1378.0794677734375;21.548566818237305
1994-07-14-1700;-37.608509;-50.154236;15;15;-4.551273754372445e-05;1377.3402099609375;20.74671173095703
1994-07-14-1800;-37.310123;-49.375092;15;15;-4.911019876989265e-05;1375.8616943359375;19.924388885498047
1994-07-14-1900;-37.097294;-48.598694;15;15;-5.7326765095228816e-05;1374.383056640625;21.176549911499023
1994-07-14-2000;-36.974613;-47.813019;15;15;-5.3199886681828685e-05;1376.6009521484375;22.16947364807129
1994-07-14-2100;-36.961346;-47.067871;15;15;-4.8249999711502456e-05;1377.3402099609375;22.401504516601562
1994-07-14-2200;-36.824699;-45.625916;15;15;-3.588781460134899e-05;1375.8616943359375;24.37275505065918
1994-07-14-2300;-36.918724;-44.987244;15;15;-4.8524175003190526e-05;1375.122314453125;24.39918327331543
1994-07-15-0000;-37.08831;-44.154236;15;15;-5.851506537020843e-05;1372.90283203125;25.456327438354492
1994-07-15-0100;-37.306835;-43.309845;15;15;-6.560620218966041e-05;1369.2064208984375;26.46842384338379
1994-07-15-0200;-37.602512;-42.459381;15;15;-6.77684282287598e-05;1364.76904296875;27.034067153930664
1994-07-15-0300;-37.910603;-41.437256;15;15;-5.726070570398291e-05;1360.3316650390625;26.902450561523438
1994-07-15-0400;-38.132259;-40.582794;15;15;-3.752504004707044e-05;1355.8958740234375;27.484317779541016
1994-07-15-0500;-38.288769;-39.85553;15;15;-3.986904221132297e-05;1350.71923828125;28.194961547851562
1994-07-15-0600;-38.474361;-39.188568;15;15;-3.390692658572766e-05;1350.71923828125;28.84465217590332
1994-07-15-0700;-38.884171;-38.231995;15;15;-2.4901512703268944e-05;1339.626708984375;29.905847549438477
1994-07-15-0800;-39.003647;-37.603333;15;15;-4.0064715938986435e-05;1333.710693359375;30.425434112548828
1994-07-15-0900;-39.003349;-37.152435;15;15;-3.188371109318021e-05;1332.971435546875;31.0489559173584
1994-07-15-1000;-38.667088;-37.090729;15;15;-6.700976004598387e-05;1336.66943359375;30.294185638427734
1994-07-15-1100;-39.028225;-36.232819;15;15;-7.362222410074354e-05;1325.576904296875;30.593536376953125
1994-07-15-1200;-39.454224;-35.289703;15;15;-7.067658014998723e-05;1324.0982666015625;30.93310546875
1994-07-15-1300;-39.522659;-34.892029;15;15;-8.135601633478484e-05;1320.4002685546875;30.76793670654297
1994-07-15-1400;-40.139332;-33.817474;15;15;-6.996390636662594e-05;1309.3076171875;31.3181095123291
1994-07-15-1500;-40.737015;-32.719086;15;15;-7.401306039668673e-05;1301.173828125;31.57193946838379
1994-07-15-1600;-41.264267;-31.586578;15;15;-7.263399972439141e-05;1282.6866455078125;32.02033996582031
1994-07-15-1700;-41.639668;-30.712646;15;15;-0.00010109914518434594;1276.0313720703125;32.29513931274414
1994-07-15-1800;-42.121292;-29.607025;15;15;-9.170144701101892e-05;1263.460205078125;32.864418029785156
1994-07-15-1900;-42.346466;-28.792938;15;15;-0.00010877193481654394;1254.5855712890625;33.929866790771484
1994-07-15-2000;-42.589058;-27.986633;15;15;-0.00012599536768463757;1249.4088134765625;34.79047393798828
1994-07-15-2100;-42.96582;-26.955475;15;15;-0.00011171622928822278;1239.05712890625;35.64345932006836
1994-07-15-2200;-42.841572;-26.297882;15;15;-0.00013071344475188185;1231.66259765625;36.13108825683594
1994-07-15-2300;-43.662895;-24.153229;15;15;-8.880483891478383e-05;1216.8719482421875;36.44782638549805
1994-07-16-0000;-44.045963;-22.832123;15;15;-0.00010006875725469301;1201.3436279296875;36.58069610595703
1994-07-16-0100;-44.453217;-21.41275;15;15;-0.00021808369916977534;1193.9490966796875;36.76007843017578
1994-07-16-0200;-44.888561;-19.805145;15;15;-0.00011573386632904654;1180.636962890625;37.125247955322266
1994-07-16-0300;-45.11237;-18.948212;15;15;-0.00016746300486078275;1169.5460205078125;37.50162887573242
1994-07-16-0400;-45.294033;-18.459991;15;15;-0.00016273842750863987;1154.0159912109375;37.803653717041016
1994-07-16-0500;-45.475601;-17.974304;15;15;-0.00017791617066944724;1145.142822265625;37.8416862487793
1994-07-16-0600;-45.684311;-17.347321;15;15;-0.00017136353429885695;1128.13427734375;37.731597900390625
1994-07-16-0700;-45.878357;-17.318481;15;15;-0.00013715047229613642;1114.8238525390625;37.2339973449707
1994-07-16-0800;-46.043781;-17.381134;15;15;-9.212661497933738e-05;1103.731201171875;36.51970672607422
1994-07-16-0900;-46.505547;-18.142914;15;15;-3.731570125216589e-06;1080.8067626953125;35.59777069091797
1994-07-16-1000;-46.72485;-17.020966;15;15;-1.9542857387153306e-05;1076.3709716796875;35.10453796386719
1994-07-16-1100;-47.371506;-16.704285;15;15;-5.959356132511531e-07;1049.0091552734375;36.287845611572266
