time;Lat;Lon;length;width;min_zeta_850;min_hgt_850;max_wind_850
1992-06-05-0900;-28.626472;-58.546783000000005;15.0;15.000000000000007;-0.00039911701187266447;761.5479736328125;50.39846420288086
1992-06-05-1000;-28.767280999999997;-58.031982;14.999999999999996;15.0;-0.00037592546009445216;776.3433837890625;46.34410095214844
1992-06-05-1100;-29.206465;-57.377472;15.0;15.0;-0.00040208190733787247;773.383056640625;48.31318283081055
1992-06-05-1200;-29.752626;-56.80694600000001;15.0;15.000000000000007;-0.00042753984152273886;768.9456787109375;48.352718353271484
1992-06-05-1300;-30.019301999999996;-56.168457;14.999999999999996;15.0;-0.0004330824186535925;760.8086547851562;47.04017639160156
1992-06-05-1400;-30.73151;-55.354919;15.0;15.0;-0.00042659498621221874;753.4109497070312;46.06465530395508
1992-06-05-1500;-31.358202;-54.365845;15.0;15.0;-0.00041748093353418433;744.5346069335938;45.315975189208984
1992-06-05-1600;-31.866116000000005;-53.644196;15.000000000000004;15.0;-0.0003950897066274824;739.3563842773438;44.8677978515625
1992-06-05-1700;-32.242561;-52.873413;15.0;15.0;-0.00040149206486986787;734.9174194335938;44.261783599853516
1992-06-05-1800;-32.587475;-52.105133;15.0;15.0;-0.0003877216507831494;734.1781616210938;44.172523498535156
1992-06-05-1900;-32.85323;-51.428345;15.0;15.0;-0.0003833952542901208;734.1781616210938;43.75923538208008
1992-06-05-2000;-33.226692;-50.759583;15.0;15.0;-0.0003501886066186471;737.876220703125;43.67981719970703
1992-06-05-2100;-33.623695;-50.10556;15.0;15.0;-0.000338463207891176;739.3563842773438;43.51294708251953
1992-06-05-2200;-33.964256;-49.199493;15.0;15.0;-0.00032726308968844986;754.1502075195312;44.3915901184082
1992-06-05-2300;-34.270294;-48.492096;15.0;15.0;-0.00033619706468562924;753.4109497070312;45.365962982177734
1992-06-06-0000;-34.524914;-47.797211;15.0;15.0;-0.0003434203241561861;757.1090087890625;45.61288070678711
1992-06-06-0100;-34.849987;-47.065887;15.0;15.0;-0.0003476831258283565;757.8499145507812;45.78046798706055
1992-06-06-0200;-35.153324;-46.266052;15.0;15.0;-0.00034346486248692414;757.1090087890625;45.911624908447266
1992-06-06-0300;-35.422913;-45.474976;15.0;15.0;-0.00038711731647999453;758.5891723632812;46.14164352416992
1992-06-06-0400;-35.698086;-44.699799;15.0;15.0;-0.0003978881649672242;759.3284912109375;46.919525146484375
1992-06-06-0500;-35.978668;-43.935486;15.0;15.0;-0.0004257430437899799;761.5479736328125;47.96058654785156
1992-06-06-0600;-36.233009;-43.118256;15.0;15.0;-0.00044715309422144395;760.8086547851562;49.003395080566406
1992-06-06-0700;-36.547207;-42.340118;15.0;15.0;-0.00044797888142097936;763.0281372070312;50.318603515625
1992-06-06-0800;-36.79195;-41.608643;15.0;15.0;-0.00048539111285457123;764.5067138671875;51.968170166015625
1992-06-06-0900;-37.075993;-40.81723;15.0;15.0;-0.0005265546467988273;768.9456787109375;52.55265426635742
1992-06-06-1000;-37.356121;-39.917267;15.0;15.0;-0.0005347201767103168;771.1651611328125;52.85023880004883
1992-06-06-1100;-37.52158;-39.216034;15.0;15.0;-0.0005085986900652537;775.6025390625;53.42784118652344
1992-06-06-1200;-37.711376;-38.472412;15.0;15.0;-0.0005081800624818552;776.3433837890625;52.9095458984375
1992-06-06-1300;-37.87397;-37.688995;15.0;15.0;-0.000506979923118578;783.000244140625;51.73297119140625
1992-06-06-1400;-37.992325;-36.92749;15.0;15.0;-0.0005125339825770971;782.2609252929688;50.389888763427734
1992-06-06-1500;-38.090836;-36.162079;15.0;15.0;-0.0005589318508311887;786.6983032226562;49.120697021484375
1992-06-06-1600;-38.241833;-35.375977;15.0;15.0;-0.0005903805426123792;787.439208984375;48.97919845581055
1992-06-06-1700;-38.386932;-34.573486;15.0;15.0;-0.0006362649688185651;792.617431640625;48.67680740356445
1992-06-06-1800;-38.458534;-33.835144;15.0;15.0;-0.0006671414237533474;793.3567504882812;47.99304962158203
1992-06-06-1900;-38.624775;-33.097137;15.0;15.0;-0.0006240574538824623;796.3154907226562;47.16272735595703
1992-06-06-2000;-38.714848;-32.346161;15.0;15.0;-0.0006064935392443432;799.2742919921875;46.688228607177734
1992-06-06-2100;-38.857483;-31.560883000000004;15.0;15.000000000000004;-0.0006234291963013119;801.4937133789062;46.48689651489258
1992-06-06-2200;-39.124577;-30.535645000000002;15.0;15.000000000000004;-0.0006121559501933257;802.2330322265625;47.6521110534668
1992-06-06-2300;-39.281219;-29.665405;15.0;15.0;-0.0005802804322903256;807.4112548828125;48.29187774658203
1992-06-07-0000;-39.391644;-28.833495999999997;15.0;14.999999999999996;-0.0005581753489614011;807.4112548828125;47.589412689208984
1992-06-07-0100;-39.460121;-28.081848;15.0;15.0;-0.000567598542245567;814.0697021484375;46.929168701171875
1992-06-07-0200;-39.611572;-27.293243000000004;15.0;15.000000000000004;-0.0005861499784997354;816.2891845703125;46.983863830566406
1992-06-07-0300;-39.737129;-26.472229;15.0;15.0;-0.0005708691028053596;822.946044921875;47.85056686401367
1992-06-07-0400;-39.839092;-25.683318999999997;15.0;14.999999999999996;-0.0005727779521179545;828.8635864257812;48.567230224609375
1992-06-07-0500;-39.991508;-24.875304999999997;15.0;14.999999999999996;-0.0005588311026429066;834.78271484375;49.350467681884766
1992-06-07-0600;-40.171009;-24.019012;15.0;15.0;-0.0005259595380729707;832.563232421875;49.105228424072266
1992-06-07-0700;-40.370892;-23.183411;15.0;15.0;-0.0005123348469160637;831.0830688476562;48.85905075073242
1992-06-07-0800;-40.530666;-22.444946;15.0;15.0;-0.0004943642020084349;828.124267578125;48.0595588684082
1992-06-07-0900;-40.669052;-21.715515;15.0;15.0;-0.0004875205564436872;827.3849487304688;47.02355194091797
1992-06-07-1000;-40.896847;-20.818634;15.0;15.0;-0.0004517057759771712;814.8090209960938;46.8270263671875
1992-06-07-1100;-41.064823;-20.048523;15.0;15.0;-0.00043222376683609525;815.5482788085938;47.98732376098633
1992-06-07-1200;-41.217964;-19.299103;15.0;15.0;-0.00040482834262275686;814.8090209960938;49.02585220336914
1992-06-07-1300;-41.412834;-18.591492;15.0;15.0;-0.00041448100307632974;820.7265625;48.624290466308594
1992-06-07-1400;-41.589218;-17.838776;15.0;15.0;-0.00041253323302362636;822.2067260742188;48.61653137207031
1992-06-07-1500;-41.779095;-17.128601;15.0;15.0;-0.00040140830382250526;828.124267578125;49.45193862915039
1992-06-07-1600;-42.047073;-16.435791;15.0;15.0;-0.0004417822958098049;835.52197265625;50.68608856201172
1992-06-07-1700;-42.308334;-15.754027999999998;15.0;14.999999999999998;-0.0004700646555189913;844.3983154296875;51.43177795410156
1992-06-07-1800;-42.529797;-15.02478;15.0;15.0;-0.00048354777265504175;858.452880859375;51.61612319946289
1992-06-07-1900;-42.787983;-14.414794999999998;15.0;14.999999999999998;-0.00047498826762413143;869.5502319335938;52.23739242553711
1992-06-07-2000;-43.029152;-13.811218;15.0;15.0;-0.00046563660020870426;884.3441162109375;52.31504440307617
1992-06-07-2100;-43.198196;-13.261169000000002;15.0;15.000000000000002;-0.0004796786912839265;896.1807861328125;52.17657470703125
1992-06-07-2200;-43.468895;-12.446899000000002;15.0;15.000000000000002;-0.0004000017531106427;915.41357421875;47.713897705078125
1992-06-07-2300;-43.743038;-11.812988;15.0;15.0;-0.0004127765999851;930.208984375;46.13900375366211
1992-06-08-0000;-43.963997;-11.3078;15.0;15.0;-0.0004347458647360706;949.4418334960938;46.534488677978516
1992-06-08-0100;-44.174297;-10.795929000000001;15.0;15.000000000000002;-0.0004319267524069873;967.935302734375;46.02294921875
1992-06-08-0200;-44.351273;-10.288207999999997;15.0;14.999999999999998;-0.0004156975818977607;962.0161743164062;46.73751449584961
1992-06-08-0300;-44.556801;-9.756714000000002;15.0;15.000000000000002;-0.0004032729649504712;959.0574340820312;46.45220947265625
1992-06-08-0400;-44.723518;-9.22522;15.0;15.0;-0.00039158774569275477;949.4418334960938;46.0823860168457
1992-06-08-0500;-44.972988;-8.669494999999998;15.0;14.999999999999998;-0.0003803948161587808;945.7421875;45.812171936035156
1992-06-08-0600;-45.235985;-8.109741;15.0;15.0;-0.0003878381747889318;943.5242919921875;45.304752349853516
1992-06-08-0700;-45.412235;-7.569489000000001;15.0;15.0;-0.00037537869275503904;946.4830322265625;44.715858459472656
1992-06-08-0800;-45.609921;-6.997620000000001;15.0;15.0;-0.00037128348220275985;944.2635498046875;44.28160858154297
1992-06-08-0900;-45.786446;-6.4937439999999995;15.0;15.0;-0.00036126396098971664;944.2635498046875;43.76662063598633
1992-06-08-1000;-46.309811;-5.400725999999999;15.0;15.0;-0.00033232068596129204;966.4551391601562;44.3956298828125
1992-06-08-1100;-46.645611;-4.824127000000001;15.0;15.0;-0.0003385344125847923;964.2356567382812;42.41517639160156
1992-06-08-1200;-46.973061;-4.342072;15.0;15.0;-0.0003448153190586852;962.0161743164062;41.26224136352539
1992-06-08-1300;-47.316284;-3.8665160000000003;15.0;15.0;-0.0003282564106874762;953.879150390625;41.57578659057617
1992-06-08-1400;-47.599087;-3.3798220000000003;15.0;15.0;-0.0003170010150368649;950.1810913085938;41.57644271850586
1992-06-08-1500;-47.872375;-2.8930360000000004;15.0;15.0;-0.00031020561830775935;948.700927734375;41.075321197509766
1992-06-08-1600;-48.015076;-2.4601140000000004;15.0;15.0;-0.00031791268171741955;943.5242919921875;40.11008834838867
1992-06-08-1700;-48.145271;-2.0264589999999996;15.0;15.0;-0.0003308504706724736;944.2635498046875;38.932891845703125
1992-06-08-1800;-48.26091;-1.5883479999999999;15.0;15.0;-0.0003541975207378359;943.5242919921875;38.48846435546875
1992-06-08-1900;-48.388363;-1.1600339999999996;15.0;15.0;-0.000358685900994028;942.0440673828125;37.94319534301758
1992-06-08-2000;-48.526943;-0.736084;15.0;15.0;-0.00034466056249546524;939.8246459960938;37.5523567199707
1992-06-08-2100;-48.659073;-0.3021849999999997;15.0;15.0;-0.00033479452870981044;933.9071044921875;37.087066650390625
1992-06-08-2200;-48.884438;0.3501979999999998;15.0;15.0;-0.00033080380120262823;922.811279296875;37.03646469116211
1992-06-08-2300;-48.997372;0.8261430000000001;15.0;15.0;-0.00032087067036456866;920.591796875;37.08792495727539
1992-06-09-0000;-49.075317;1.3042859999999998;15.0;15.0;-0.0003158285430489784;913.9334106445312;36.971885681152344
1992-06-09-0100;-49.173939;1.8304840000000002;15.0;15.0;-0.00033016737171075357;910.2353515625;37.257694244384766
1992-06-09-0200;-49.3353;2.4039870000000003;15.0;15.0;-0.00037304819118668303;905.79638671875;37.506492614746094
1992-06-09-0300;-49.534325;2.9933049999999994;15.0;15.0;-0.0004010940897612133;903.576904296875;38.0742073059082
1992-06-09-0400;-49.81049;3.6087109999999996;15.0;15.0;-0.00042724821662908275;898.4002685546875;39.649375915527344
1992-06-09-0500;-50.139626;4.292152;15.0;15.0;-0.0004437007024500155;899.8788452148438;41.45431900024414
1992-06-09-0600;-50.500973;4.962287;15.0;15.0;-0.0004545859033524195;900.6181030273438;42.83045959472656
1992-06-09-0700;-50.868324;5.630158;15.0;15.0;-0.0004491595420695622;903.576904296875;43.48907470703125
1992-06-09-0800;-51.173161;6.302887;15.0;15.0;-0.00042334137059584783;906.5372314453125;42.900596618652344
1992-06-09-0900;-51.538059;7.010527;15.0;15.0;-0.00039651455402447337;908.755126953125;44.736148834228516
1992-06-09-1000;-52.085686;8.007012;15.0;15.0;-0.000448509014080647;916.1528930664062;46.58436584472656
1992-06-09-1100;-52.584496;8.720409;15.0;15.0;-0.0004432750912783368;913.9334106445312;46.53451156616211
1992-06-09-1200;-53.196384;9.452100999999999;15.0;14.999999999999998;-0.0004538486022917671;897.6593627929688;47.60725402832031
1992-06-09-1300;-53.897942;10.131349999999998;15.0;14.999999999999998;-0.0005078857251381158;885.0849609375;50.18440246582031
1992-06-09-1400;-54.750313;10.7971;15.0;15.0;-0.0005794062818080142;868.809326171875;50.755287170410156
1992-06-09-1500;-55.555058;11.442338;15.0;15.0;-0.0006142659593622753;854.0155029296875;50.3098258972168
1992-06-09-1600;-56.384926;12.111648000000002;15.0;15.000000000000002;-0.0005812766452005304;839.9609375;49.33955001831055
1992-06-09-1700;-57.414410000000004;12.82403;15.000000000000007;15.0;-0.0005397212149876971;831.0830688476562;47.55332565307617
1992-06-09-1800;-58.511894;13.536512000000002;15.0;15.000000000000002;-0.0004964962576560832;820.7265625;47.07549285888672
1992-06-09-1900;-59.32880399999999;14.113540999999998;14.999999999999993;14.999999999999998;-0.00046886179626337034;810.3700561523438;45.47622299194336
1992-06-09-2000;-60.08378999999999;14.514228;14.999999999999993;15.0;-0.0004608989062689092;802.9739379882812;45.27830505371094
1992-06-09-2100;-60.835178;14.785254000000002;15.0;15.000000000000002;-0.000461341040868917;795.5762329101562;45.0456657409668
1992-06-09-2200;-61.193184;14.640597;15.0;15.0;-0.00045861605957740563;774.8632202148438;42.33580780029297
1992-06-09-2300;-61.672562;14.696275999999997;15.0;14.999999999999998;-0.00044948506680393425;771.1651611328125;41.196327209472656
1992-06-10-0000;-62.05605299999999;14.628685;14.999999999999993;15.0;-0.0004505161492441033;765.9868774414062;39.74641036987305
1992-06-10-0100;-62.33894699999999;14.517658;14.999999999999993;15.0;-0.00045600586324342606;757.8499145507812;38.37812042236328
1992-06-10-0200;-62.55265399999999;14.406888000000002;14.999999999999993;15.000000000000002;-0.0004457996227345941;752.671630859375;36.96846389770508
1992-06-10-0300;-62.778144999999995;14.350470000000001;14.999999999999993;15.000000000000002;-0.0004200745966470531;747.493408203125;37.152706146240234
1992-06-10-0400;-62.976967;14.343609999999998;15.0;14.999999999999998;-0.00039788719560087613;743.7937622070312;38.17058563232422
1992-06-10-0500;-63.119072;14.293074;15.0;15.0;-0.0003954374553533716;741.5742797851562;38.46442794799805
1992-06-10-0600;-63.283683999999994;14.178373;14.999999999999993;15.0;-0.0004081930528967009;742.3151245117188;38.28356170654297
1992-06-10-0700;-63.450024;14.087436;15.0;15.0;-0.000410401791684945;740.095703125;38.707027435302734
1992-06-10-0800;-63.580776;13.789307999999998;15.0;14.999999999999998;-0.0004060996776948353;744.5346069335938;37.7853889465332
1992-06-10-0900;-63.72995;13.609572999999997;15.0;14.999999999999998;-0.00040869649480388954;746.7525024414062;37.38392639160156
1992-06-10-1000;-64.091461;13.374969;15.0;15.0;-0.00040586770056268184;762.2872314453125;37.64509201049805
1992-06-10-1100;-64.182892;13.229140000000001;15.0;15.000000000000002;-0.0003858114397225668;760.8086547851562;37.45256423950195
1992-06-10-1200;-64.296097;13.236178000000002;15.0;15.000000000000002;-0.0003654162880390833;765.9868774414062;36.75898742675781
1992-06-10-1300;-64.419891;13.213317;15.0;15.0;-0.0003388038090131904;767.4655151367188;36.54813766479492
1992-06-10-1400;-64.547173;13.314101;15.0;15.0;-0.0003490409871877378;769.6849975585938;36.05366134643555
1992-06-10-1500;-64.690536;13.309617;15.0;15.0;-0.00038341473610897477;771.9044189453125;35.82757568359375
1992-06-10-1600;-64.809021;13.256007;15.0;15.0;-0.0004068674047741158;774.1239013671875;37.32853317260742
1992-06-10-1700;-64.924873;13.098790999999999;15.0;14.999999999999998;-0.00038446608675863535;774.8632202148438;37.64690017700195
1992-06-10-1800;-65.012619;12.625422;15.0;15.0;-0.0003927880085274462;779.3021850585938;38.15602493286133
1992-06-10-1900;-65.131844;12.387416000000002;15.0;15.000000000000002;-0.0003876965006012631;782.2609252929688;38.19160461425781
1992-06-10-2000;-65.215157;12.123792000000002;15.0;15.000000000000002;-0.00037620366696036257;783.739501953125;38.28202438354492
1992-06-10-2100;-65.254799;11.673451999999997;15.0;14.999999999999998;-0.0003637473590242491;787.439208984375;37.67075729370117
1992-06-10-2200;-65.468582;12.143239000000001;15.0;15.000000000000002;-0.0003796188885832255;794.0960083007812;37.766845703125
1992-06-10-2300;-65.520851;11.668444000000001;15.0;15.000000000000002;-0.00035411955821180725;797.795654296875;38.14441680908203
1992-06-11-0000;-65.546402;11.085223;15.0;15.0;-0.0003591910706117527;802.9739379882812;37.47926712036133
1992-06-11-0100;-65.539948;10.323352;15.0;15.0;-0.0003365870372832732;802.9739379882812;36.54915237426758
1992-06-11-0200;-65.499817;9.424165000000002;15.0;15.000000000000002;-0.0003416126383535103;811.8502197265625;36.20811462402344
1992-06-11-0300;-65.439087;8.508502;15.0;15.0;-0.00033479181917076516;814.0697021484375;36.005531311035156
1992-06-11-0400;-65.371742;7.641425999999999;15.0;15.0;-0.00030940432976170773;818.507080078125;37.77655029296875
1992-06-11-0500;-65.301224;6.8760270000000006;15.0;15.0;-0.00035905112853607706;822.2067260742188;39.405250549316406
1992-06-11-0600;-65.210594;6.124343;15.0;15.0;-0.0003947404577068964;825.16552734375;39.465728759765625
1992-06-11-0700;-65.11985;5.455176;15.0;15.0;-0.00040874933689866947;829.6044311523438;39.40278244018555
1992-06-11-0800;-65.055;4.891870000000001;15.0;15.0;-0.000407658033269795;834.0418090820312;38.72474670410156
1992-06-11-0900;-64.956963;4.226974;15.0;15.0;-0.00040249745253235374;839.9609375;37.86076736450195
1992-06-11-1000;-65.052055;4.549845000000001;15.0;15.0;-0.0003696587542218307;843.6589965820312;37.708473205566406
1992-06-11-1100;-65.016434;3.8752630000000003;15.0;15.0;-0.0003420347066654902;843.6589965820312;37.81514358520508
1992-06-11-1200;-64.971764;3.1731960000000003;15.0;15.0;-0.00031060793305474953;847.3570556640625;38.44602966308594
1992-06-11-1300;-64.907059;2.6375740000000003;15.0;15.0;-0.00030281660078852036;851.0567016601562;38.671329498291016
1992-06-11-1400;-64.85125;2.2511329999999994;15.0;15.0;-0.0002912202921941093;854.0155029296875;38.79420471191406
1992-06-11-1500;-64.826645;2.0080349999999996;15.0;15.0;-0.00028265178192614924;859.1937255859375;38.765052795410156
1992-06-11-1600;-64.799751;1.7770449999999998;15.0;15.0;-0.0002886157617562756;863.631103515625;38.75800704956055
1992-06-11-1700;-64.764618;1.4975170000000002;15.0;15.0;-0.000294142441842874;867.3307495117188;38.99436569213867
1992-06-11-1800;-64.706192;1.1315779999999998;15.0;15.0;-0.00032078268293932904;874.728515625;38.50710678100586
1992-06-11-1900;-64.65081;0.7000919999999997;15.0;15.0;-0.0003403335183206004;879.90673828125;38.1051025390625
1992-06-11-2000;-64.582413;0.2818740000000002;15.0;15.0;-0.0003636659262995536;886.5635375976562;38.74651336669922
1992-06-11-2100;-64.518639;-0.09475700000000042;15.0;15.0;-0.00035330179439211934;892.4810791015625;40.0188102722168
1992-06-11-2200;-64.440346;-0.5786440000000002;15.0;15.0;-0.0003791081837326608;902.8375854492188;40.706085205078125
1992-06-11-2300;-64.376671;-0.6293640000000003;15.0;15.0;-0.00035354613461547994;903.576904296875;41.08492660522461
1992-06-12-0000;-64.301216;-0.6739499999999996;15.0;15.0;-0.00033074623388160964;911.7155151367188;41.02693176269531
1992-06-12-0100;-64.229645;-0.7887880000000003;15.0;15.0;-0.00048471773595594415;913.9334106445312;37.50675582885742
1992-06-12-0200;-64.168831;-0.9462279999999996;15.0;15.0;-0.0003368317660547393;917.633056640625;35.91590118408203
1992-06-12-0300;-64.10347;-1.1006160000000005;15.0;15.0;-0.00033964373392926875;921.3311157226562;36.032684326171875
1992-06-12-0400;-64.027817;-1.2012020000000003;15.0;15.0;-0.000336699683909758;925.03076171875;35.176292419433594
1992-06-12-0500;-63.934399;-1.1537480000000002;15.0;15.0;-0.0003339445157544502;927.2486572265625;33.69160842895508
1992-06-12-0600;-63.847149;-1.074738;15.0;15.0;-0.0003309849761821146;931.6876220703125;33.4815559387207
1992-06-12-0700;-63.782619;-1.0170589999999997;15.0;15.0;-0.0003264598330293572;934.6463623046875;32.2722282409668
1992-06-12-0800;-63.738045;-1.0079650000000004;15.0;15.0;-0.0002891544432670011;937.6051635742188;31.179140090942383
1992-06-12-0900;-63.691547;-1.0263670000000005;15.0;15.0;-0.00028477906483278376;940.5639038085938;30.919706344604492
1992-06-12-1000;-63.567688000000004;-1.4367680000000003;15.000000000000007;15.0;-0.00029792981426468037;939.0853271484375;31.70807456970215
1992-06-12-1100;-63.421524000000005;-1.6846010000000002;15.000000000000007;15.0;-0.0002639523433483323;940.5639038085938;31.615358352661133
1992-06-12-1200;-63.344303;-2.093323;15.0;15.0;-0.0002675398852587976;945.7421875;31.21747589111328
1992-06-12-1300;-63.26186;-2.5855409999999996;15.0;15.0;-0.00022399543912959589;943.5242919921875;29.743553161621094
1992-06-12-1400;-63.172504;-3.001099;15.0;15.0;-0.00022037410043641685;947.9616088867188;29.00000762939453
1992-06-12-1500;-63.094662;-3.403046;15.0;15.0;-0.00022446204562784596;947.9616088867188;29.369033813476562
1992-06-12-1600;-62.98344800000001;-3.6926570000000005;15.000000000000007;15.0;-0.00021930443361563935;947.2223510742188;29.050790786743164
1992-06-12-1700;-62.85200499999999;-4.002411;14.999999999999993;15.0;-0.0002118021407822464;952.4005737304688;28.7489013671875
1992-06-12-1800;-62.702404;-4.262053999999999;15.0;15.0;-0.00021062098477129442;953.879150390625;28.468650817871094
1992-06-12-1900;-62.498703000000006;-4.344635;15.000000000000007;15.0;-0.00021393205419529697;958.318115234375;28.623172760009766
1992-06-12-2000;-62.233475;-4.332001;15.0;15.0;-0.00021283294633867578;961.2769165039062;28.762605667114258
1992-06-12-2100;-61.915054;-4.16272;15.0;15.0;-0.0002091824564980764;962.757080078125;28.667804718017578
1992-06-12-2200;-61.761803;-3.4965519999999994;15.0;15.0;-0.00021446944997161635;965.7158203125;27.76266098022461
1992-06-12-2300;-61.379749000000004;-3.4474789999999995;15.000000000000007;15.0;-0.00021879342157161047;968.6746215820312;27.965686798095703
1992-06-13-0000;-61.053612;-3.1007080000000005;15.0;15.0;-0.0002216591808806336;965.7158203125;28.75411033630371
1992-06-13-0100;-60.813755;-2.5718379999999996;15.0;15.0;-0.0002208045032117343;969.4139404296875;29.53097152709961
1992-06-13-0200;-60.693836000000005;-2.0630799999999994;15.000000000000007;15.0;-0.00021599794397978838;970.15478515625;30.243690490722656
1992-06-13-0300;-60.597046000000006;-1.515167;15.000000000000007;15.0;-0.0002140499187556446;967.935302734375;31.117074966430664
1992-06-13-0400;-60.57724400000001;-0.9085389999999998;15.000000000000007;15.0;-0.00021117224080339472;967.935302734375;31.395906448364258
1992-06-13-0500;-60.603466;-0.2411190000000003;15.0;15.0;-0.0002118036598543351;964.9765625;31.645448684692383
1992-06-13-0600;-60.694187;0.5353349999999999;15.0;15.0;-0.0002204808986348668;966.4551391601562;31.93415069580078
1992-06-13-0700;-60.940628000000004;1.4131219999999995;15.000000000000007;15.0;-0.00023804858999047036;965.7158203125;32.566837310791016
1992-06-13-0800;-61.173698;2.2029580000000006;15.0;15.0;-0.00023802488245968647;967.935302734375;32.8375244140625
1992-06-13-0900;-61.695999;3.1090389999999997;15.0;15.0;-0.000238618950786289;966.4551391601562;32.71842956542969
1992-06-13-1000;-61.475262;3.0939180000000004;15.0;15.0;-0.0002548214184308406;962.757080078125;33.87065887451172
1992-06-13-1100;-61.936279;3.5502090000000006;15.0;15.0;-0.0002547395983023766;963.4963989257812;33.26487350463867
1992-06-13-1200;-62.550285;3.9323890000000006;15.0;15.0;-0.00024609743839299565;967.935302734375;32.760643005371094
1992-06-13-1300;-62.737206;3.9207;15.0;15.0;-0.00024782337308060167;967.1944580078125;32.97590637207031
1992-06-13-1400;-62.758408;3.8984209999999995;15.0;15.0;-0.0002686315077399243;971.6333618164062;33.39363479614258
1992-06-13-1500;-62.591117999999994;3.8412039999999994;14.999999999999993;15.0;-0.0002771141218594315;974.5921630859375;34.24045944213867
1992-06-13-1600;-62.51239799999999;3.8678159999999995;14.999999999999993;15.0;-0.0002741172741224999;978.2918090820312;34.73663330078125
1992-06-13-1700;-62.396709;3.8503869999999996;15.0;15.0;-0.0002784869738820838;979.7703857421875;34.76481628417969
1992-06-13-1800;-62.275234;3.7495019999999997;15.0;15.0;-0.00029059515746519165;987.9074096679688;34.52141189575195
1992-06-13-1900;-62.110619;3.7163280000000003;15.0;15.0;-0.000298960009784918;993.085693359375;34.239444732666016
1992-06-13-2000;-61.937163999999996;3.71528;14.999999999999993;15.0;-0.0003361423684768626;998.263916015625;34.18706130981445
1992-06-13-2100;-61.732662000000005;3.7395490000000002;15.000000000000007;15.0;-0.00036097317831418167;999.7440795898438;33.922088623046875
1992-06-13-2200;-60.45953399999999;4.996134;14.999999999999993;15.0;-0.00038367502137395836;1001.2227172851562;34.997840881347656
1992-06-13-2300;-60.323013;5.217670999999999;15.0;15.0;-0.0003809065387993558;1003.442138671875;35.14448547363281
1992-06-14-0000;-60.391823;5.130272999999999;15.0;15.0;-0.00041182289318345065;1009.3596801757812;34.51335525512695
1992-06-14-0100;-60.361954;5.283688;15.0;15.0;-0.0004201715204580761;1009.3596801757812;34.1798095703125
1992-06-14-0200;-60.22609299999999;5.742985000000001;14.999999999999993;15.0;-0.00040298385075768456;1011.5791625976562;34.8342170715332
1992-06-14-0300;-60.04105;6.405673;15.0;15.0;-0.00036638482823614637;1014.5379638671875;35.289485931396484
1992-06-14-0400;-59.82652999999999;7.170774;14.999999999999993;15.0;-0.0004458892526310431;1016.7574462890625;34.92051696777344
1992-06-14-0500;-59.62756300000001;8.144886;15.000000000000007;15.0;-0.00042652035274083714;1017.4967041015625;34.10914993286133
1992-06-14-0600;-59.379841;9.158832;15.0;15.0;-0.0003250925075982929;1019.7161865234375;33.763240814208984
1992-06-14-0700;-59.13195400000001;10.154643;15.000000000000007;15.0;-0.0002117759797807499;1024.8944091796875;31.72102165222168
1992-06-14-0800;-59.04432299999999;10.570096;14.999999999999993;15.0;-0.00019428814258333466;1027.1138916015625;30.95734405517578
1992-06-14-0900;-58.968468;10.665422;15.0;15.0;-0.00019785671021092788;1031.5528564453125;30.927343368530273
1992-06-14-1000;-59.287113000000005;9.189415;15.000000000000007;15.0;-0.00019918619451758142;1040.42919921875;31.27419662475586
1992-06-14-1100;-59.190022;9.532193;15.0;15.0;-0.00019953500873488392;1040.42919921875;30.666597366333008
1992-06-14-1200;-59.12041500000001;9.826011999999999;15.000000000000007;14.999999999999998;-0.0001988654802018971;1047.087646484375;30.43199920654297
1992-06-14-1300;-59.087074;10.246794000000001;15.0;15.000000000000002;-0.00021282784884332117;1048.566162109375;30.164047241210938
1992-06-14-1400;-59.034042;10.646717000000002;15.0;15.000000000000002;-0.00020864066078091865;1051.5250244140625;29.864704132080078
1992-06-14-1500;-58.936306;11.134202000000002;15.0;15.000000000000002;-0.00018890019074280096;1055.9638671875;30.303298950195312
1992-06-14-1600;-58.837631;11.720888000000002;15.0;15.000000000000002;-0.00019079547943323506;1058.9227294921875;30.53506088256836
1992-06-14-1700;-58.67977500000001;12.327384000000002;15.000000000000007;15.000000000000002;-0.00019885413020883904;1062.6207275390625;30.36335563659668
1992-06-14-1800;-58.51443900000001;13.023297;15.000000000000007;15.0;-0.0002109387334317826;1068.5399169921875;30.065486907958984
1992-06-14-1900;-58.32330300000001;13.729539000000003;15.000000000000007;15.000000000000002;-0.0002175122492562494;1070.7578125;29.943281173706055
1992-06-14-2000;-58.07491300000001;14.31315;15.000000000000007;15.0;-0.00022702940892607118;1075.19677734375;30.044538497924805
1992-06-14-2100;-57.78425200000001;14.869295000000001;15.000000000000007;15.000000000000002;-0.00023164071923591036;1078.8963623046875;30.34644317626953
1992-06-14-2200;-57.463432;15.003781;15.0;15.0;-0.00022358007522048527;1084.81396484375;30.515731811523438
1992-06-14-2300;-57.187149000000005;15.661639000000001;15.000000000000007;15.000000000000002;-0.00021835689830896582;1085.55322265625;30.5118408203125
1992-06-15-0000;-56.96418800000001;16.245674;15.000000000000007;15.0;-0.00021051508904628674;1090.7314453125;30.647945404052734
1992-06-15-0100;-56.798122000000006;16.85187;15.000000000000007;15.0;-0.00025763440116436396;1096.6490478515625;31.550838470458984
