time;Lat;Lon;length;width;min_zeta_850;min_hgt_850;max_wind_850
1987-06-03-1200;-29.807743;-58.118927;15;15;-2.8260825989540237e-05;1456.9530029296875;17.742813110351562
1987-06-03-1300;-30.150814;-57.63266;15;15;-1.909043941587021e-05;1462.099365234375;17.9024715423584
1987-06-03-1400;-30.401428;-57.361786;15;15;-2.418412181225208e-05;1461.3648681640625;17.902494430541992
1987-06-03-1500;-30.512394;-57.365356;15;15;-2.698060103621938e-05;1462.83544921875;17.79401397705078
1987-06-03-1600;-30.820238;-57.225647;15;15;-2.2630001579963308e-05;1456.9530029296875;17.560625076293945
1987-06-03-1700;-31.101608;-56.841858;15;15;-2.514206296095175e-05;1451.806640625;17.440507888793945
1987-06-03-1800;-31.403217;-56.761566;15;15;-5.160591215048294e-06;1448.130859375;17.992948532104492
1987-06-03-1900;-31.622068;-56.481079;15;15;-1.639339701401427e-05;1445.191162109375;17.885631561279297
1987-06-03-2000;-31.836603;-56.24707;15;15;-1.3976210691967162e-05;1442.25;17.681150436401367
1987-06-03-2100;-32.01907;-56.042053;15;15;-1.8309840139058075e-05;1440.0447998046875;16.90891456604004
1987-06-03-2200;-31.946718;-55.862793;15;15;-2.2630228348314035e-05;1451.806640625;16.55716896057129
1987-06-03-2300;-32.09399;-55.535614;15;15;-2.396749892611251e-05;1448.130859375;16.250686645507812
1987-06-04-0000;-32.158401;-55.428314;15;15;-2.743698021355771e-05;1451.806640625;16.095855712890625
1987-06-04-0100;-32.298794;-55.307007;15;15;-2.6264670000888698e-05;1451.806640625;16.382911682128906
1987-06-04-0200;-32.314163;-55.404572;15;15;-1.7299788158678318e-05;1453.2772216796875;16.566057205200195
1987-06-04-0300;-32.303242;-55.617523;15;15;-1.1458575581140287e-05;1451.072021484375;16.91657829284668
1987-06-04-0400;-32.368;-55.653625;15;15;-1.0671657491398542e-05;1451.806640625;17.164695739746094
1987-06-04-0500;-32.566208;-55.434357;15;15;-1.1232050992210885e-05;1449.6014404296875;17.256589889526367
1987-06-04-0600;-32.828796;-55.012573;15;15;-1.3104955141817086e-05;1442.25;17.684051513671875
1987-06-04-0700;-33.082142;-54.612091;15;15;-1.4511639342063763e-05;1438.57421875;18.242055892944336
1987-06-04-0800;-33.276299;-54.199799;15;15;-1.2116329856028461e-05;1435.6329345703125;19.907041549682617
1987-06-04-0900;-33.498528;-53.810547;15;15;-1.903118195599331e-05;1434.162353515625;20.152267456054688
1987-06-04-1000;-34.038849;-52.426392;15;15;-5.136688824324918e-05;1423.87109375;19.836729049682617
1987-06-04-1100;-34.039963;-52.130951;15;15;-3.796315925462091e-05;1430.486572265625;20.21025848388672
1987-06-04-1200;-34.121376;-51.824585;15;15;-3.995204475546375e-05;1423.87109375;21.19120216369629
1987-06-04-1300;-34.230572;-51.441986;15;15;-4.569220195485273e-05;1426.810791015625;22.885765075683594
1987-06-04-1400;-34.253986;-51.083252;15;15;-5.104625908793608e-05;1419.459228515625;24.80021858215332
1987-06-04-1500;-34.488884;-50.632263;15;15;-5.4732107742128184e-05;1417.9886474609375;24.99774169921875
1987-06-04-1600;-34.662846;-50.150787;15;15;-4.283594832012091e-05;1408.4320068359375;25.575599670410156
1987-06-04-1700;-34.813408;-49.562775;15;15;-4.118718366163398e-05;1398.8753662109375;25.578779220581055
1987-06-04-1800;-34.955311;-49.001984;15;15;-3.691084189329944e-05;1395.1995849609375;25.960905075073242
1987-06-04-1900;-35.138203;-48.457428;15;15;-4.353179158175102e-05;1390.7877197265625;26.321359634399414
1987-06-04-2000;-35.278847;-47.961426;15;15;-3.7318138867389624e-05;1385.641357421875;26.370346069335938
1987-06-04-2100;-35.437069;-47.504059;15;15;-5.063641041642629e-05;1384.1707763671875;27.25539207458496
1987-06-04-2200;-36.197006;-47.297791;15;15;-0.00010665334653532661;1370.9383544921875;28.502031326293945
1987-06-04-2300;-36.283043;-46.779572;15;15;-8.669143612255441e-05;1362.8507080078125;28.278236389160156
1987-06-05-0000;-36.600498;-46.113159;15;15;-9.180400976332537e-05;1355.4991455078125;28.214113235473633
1987-06-05-0100;-36.275547;-45.706024;15;15;-7.522658933399235e-05;1356.2352294921875;27.284568786621094
1987-06-05-0200;-36.426563;-45.179871;15;15;-8.643157869815745e-05;1346.677001953125;26.67302703857422
1987-06-05-0300;-36.606033;-44.580536;15;15;-8.03755102941761e-05;1341.5322265625;26.138635635375977
1987-06-05-0400;-36.767639;-44.027924;15;15;-8.837245233944855e-05;1336.3858642578125;27.314098358154297
1987-06-05-0500;-36.8671;-43.386505;15;15;-8.43121287980196e-05;1326.82763671875;27.802173614501953
1987-06-05-0600;-36.954819;-42.842438;15;15;-8.902161890163671e-05;1323.887939453125;28.081069946289062
1987-06-05-0700;-37.160378;-42.165039;15;15;-8.668773238287397e-05;1311.39013671875;27.979692459106445
1987-06-05-0800;-37.429184;-41.425842;15;15;-8.641392779237437e-05;1301.0972900390625;27.94898796081543
1987-06-05-0900;-37.630486;-40.710907;15;15;-8.77544855310787e-05;1293.0096435546875;28.00278091430664
