time;Lat;Lon;length;width;min_zeta_850;min_hgt_850;max_wind_850
2018-10-22-0200;-22.742592;-65.906769;15;15;2.292636738865305e-06;1439.77392578125;11.400938987731934
2018-10-22-0300;-22.472868;-65.756592;15;15;-1.7009692616755025e-05;1451.67431640625;11.398592948913574
2018-10-22-0400;-22.417246;-65.574921;15;15;-2.217839742518545e-05;1461.345703125;11.322324752807617
2018-10-22-0500;-22.696249;-65.428802;15;15;-1.8337319385042628e-05;1462.832275390625;11.413822174072266
2018-10-22-0600;-22.702475;-65.325378;15;15;-2.6847700980725833e-05;1463.5762939453125;11.483036994934082
2018-10-22-0700;-22.881008;-65.37088;15;15;-2.7154245867753336e-05;1461.345703125;11.398571968078613
2018-10-22-0800;-22.850965;-65.508514;15;15;-1.7122433784971437e-05;1462.0882568359375;11.415831565856934
2018-10-22-0900;-22.865252;-65.542267;15;15;-1.5151650200304436e-05;1466.5526123046875;11.481181144714355
2018-10-22-1000;-21.514967;-65.517822;15;15;-1.5992612480771316e-05;1457.6253662109375;11.20514965057373
2018-10-22-1100;-21.210972;-65.270294;15;15;-8.472712885785037e-06;1470.271484375;11.67801284790039
2018-10-22-1200;-21.170097;-65.014618;15;15;-1.5415809409377993e-05;1477.708984375;12.08613109588623
2018-10-22-1300;-21.030205;-64.801056;15;15;-1.717682607358451e-05;1475.4783935546875;12.785843849182129
2018-10-22-1400;-20.98362;-64.641357;15;15;-1.2870184927395607e-05;1468.7833251953125;13.155426979064941
2018-10-22-1500;-20.494608;-64.549072;15;15;-1.0129043038033394e-05;1453.1624755859375;13.014162063598633
2018-10-22-1600;-20.61504;-64.44635;15;15;-1.3601804508624034e-05;1436.0535888671875;12.748239517211914
2018-10-22-1700;-20.08046;-64.547791;15;15;-2.7021371611637815e-05;1414.4818115234375;11.920077323913574
2018-10-22-1800;-18.949619;-64.805847;15;15;-2.4533719361594256e-05;1399.6051025390625;11.348421096801758
2018-10-22-1900;-19.285954;-64.666901;15;15;-1.3042473865834175e-05;1384.7283935546875;12.397844314575195
2018-10-22-2000;-19.761026;-64.57135;15;15;-2.8368639996257386e-05;1372.826416015625;12.59948444366455
2018-10-22-2100;-19.8172;-64.448608;15;15;-3.141929531210436e-05;1367.6195068359375;13.368318557739258
2018-10-22-2200;-19.912107;-64.428436;15;15;-4.179193850533116e-05;1383.240234375;13.94337272644043
2018-10-22-2300;-19.820583;-64.259766;15;15;-3.405295613479734e-05;1410.7630615234375;15.098347663879395
2018-10-23-0000;-20.015955;-64.371338;15;15;-4.8968385384399e-05;1419.688720703125;16.316320419311523
2018-10-23-0100;-20.675962;-64.212189;15;15;-4.3297717385062056e-05;1431.5906982421875;17.063344955444336
2018-10-23-0200;-21.217178;-63.895935;15;15;-3.5049672387459454e-05;1449.4437255859375;17.870927810668945
2018-10-23-0300;-21.572254;-63.502228;15;15;-3.632331506993874e-05;1462.0882568359375;19.178773880004883
2018-10-23-0400;-22.380995;-62.997772;15;15;-9.17065863516765e-05;1460.6016845703125;19.334901809692383
2018-10-23-0500;-22.699432;-62.718018;15;15;-9.084159772694186e-05;1458.369384765625;20.570833206176758
2018-10-23-0600;-23.273729;-62.316864;15;15;-9.579045409659917e-05;1455.394775390625;21.349483489990234
2018-10-23-0700;-23.522062;-62.076813;15;15;-7.64346616295481e-05;1453.1624755859375;20.939544677734375
2018-10-23-0800;-23.700144;-61.960693;15;15;-7.182659569099714e-05;1452.41845703125;20.59697151184082
2018-10-23-0900;-23.812881;-61.871857;15;15;-7.031951901002115e-05;1458.369384765625;20.014829635620117
2018-10-23-1000;-23.714857;-61.709381;15;15;-7.987269977356248e-05;1464.3204345703125;18.85912322998047
2018-10-23-1100;-23.891363;-61.624695;15;15;-8.215859566398593e-05;1471.0155029296875;18.784337997436523
2018-10-23-1200;-24.154551;-61.176483;15;15;-6.837263070806282e-05;1483.6600341796875;18.48051643371582
2018-10-23-1300;-24.54217;-60.479858;15;15;-3.9560559209271365e-05;1482.9158935546875;17.491613388061523
2018-10-23-1400;-24.303274;-60.753998;15;15;-5.224965104948946e-05;1475.4783935546875;16.76896858215332
2018-10-23-1500;-24.455978;-60.42865;15;15;-3.382538004661852e-05;1457.6253662109375;15.996781349182129
2018-10-23-1600;-24.512331;-60.027069;15;15;-2.1327985027017148e-05;1439.77392578125;15.22821044921875
2018-10-23-1700;-24.512955;-59.75116;15;15;-2.7768628630000785e-05;1420.4327392578125;15.117815971374512
2018-10-23-1800;-24.43401;-59.59491;15;15;-3.995492425554961e-05;1403.325439453125;15.483819961547852
2018-10-23-1900;-24.088646;-59.56839;15;15;-7.624865640418023e-06;1383.984375;15.749564170837402
2018-10-23-2000;-23.905941;-59.30014;15;15;-8.918856739401531e-06;1372.082275390625;15.770235061645508
2018-10-23-2100;-23.728432;-59.174774;15;15;5.816769139193099e-06;1382.4962158203125;16.281679153442383
2018-10-23-2200;-23.559683;-59.545532;15;15;9.133700657455171e-06;1397.37451171875;14.79832935333252
2018-10-23-2300;-23.467604;-59.220001;15;15;8.454127236584723e-06;1430.1025390625;15.555092811584473
2018-10-24-0000;-23.365746;-59.037537;15;15;5.528057403043947e-06;1450.931884765625;15.792081832885742
2018-10-24-0100;-23.415764;-58.880981;15;15;-3.95499407646935e-06;1466.5526123046875;15.807976722717285
2018-10-24-0200;-23.392097;-58.810944;15;15;-1.3180503390903349e-06;1479.1971435546875;15.868510246276855
2018-10-24-0300;-23.324478;-58.823242;15;15;-4.777989514140686e-06;1487.38037109375;16.19692611694336
2018-10-24-0400;-23.265411;-58.788086;15;15;-4.561908352786529e-06;1491.09912109375;17.041250228881836
2018-10-24-0500;-23.15139;-58.619568;15;15;-4.210544734780048e-06;1492.5872802734375;17.52021026611328
2018-10-24-0600;-23.013775;-58.546906;15;15;-1.0555215332613571e-05;1485.8922119140625;17.959522247314453
2018-10-24-0700;-22.786377;-58.5401;15;15;-1.0161004479622287e-05;1480.685302734375;17.78928565979004
2018-10-24-0800;-22.833862;-58.323395;15;15;-8.881377241253904e-06;1476.222412109375;17.033559799194336
2018-10-24-0900;-22.835676;-58.075989;15;15;-1.0438232099108342e-05;1479.1971435546875;17.303709030151367
2018-10-24-1000;-23.943571;-57.724213;15;15;-5.368524157846091e-05;1486.63623046875;17.05776023864746
2018-10-24-1100;-24.042927;-57.583557;15;15;-4.4371199792799484e-05;1495.56201171875;16.168283462524414
2018-10-24-1200;-24.051498;-57.528534;15;15;-4.595047931667449e-05;1500.0247802734375;16.253211975097656
2018-10-24-1300;-23.869734;-57.805298;15;15;-2.7208036258510186e-05;1498.5367431640625;16.036182403564453
2018-10-24-1400;-23.665497;-58.089478;15;15;-2.5277065434983148e-05;1487.38037109375;16.492185592651367
2018-10-24-1500;-23.673113;-58.198975;15;15;-3.179724548588834e-05;1471.759521484375;16.84624481201172
2018-10-24-1600;-23.710142;-58.097107;15;15;-2.563918206945295e-05;1453.9066162109375;16.428619384765625
2018-10-24-1700;-24.133221;-57.425598;15;15;-4.847428462607185e-05;1476.222412109375;15.954496383666992
2018-10-24-1800;-24.488741;-56.86499;15;15;-4.91819830304539e-05;1479.1971435546875;15.447541236877441
2018-10-24-1900;-24.788179;-56.507202;15;15;-5.617413739701769e-05;1473.990234375;15.639091491699219
2018-10-24-2000;-24.781181;-56.417572;15;15;-5.715574765980317e-05;1469.52734375;16.18328285217285
2018-10-24-2100;-24.84285;-56.349426;15;15;-5.5070639623788335e-05;1471.759521484375;16.897336959838867
2018-10-24-2200;-24.643196;-55.976807;15;15;-7.577055332309759e-05;1472.5020751953125;17.65456771850586
2018-10-24-2300;-24.52747;-56.033875;15;15;-5.177583639958975e-05;1476.966552734375;18.263761520385742
2018-10-25-0000;-24.442421;-56.170532;15;15;-3.6894787377573314e-05;1489.6109619140625;18.967802047729492
2018-10-25-0100;-24.355694;-56.323914;15;15;-9.69311865352825e-06;1494.81787109375;19.585533142089844
2018-10-25-0200;-24.346455;-56.500549;15;15;-4.625125490404244e-06;1498.5367431640625;19.950719833374023
2018-10-25-0300;-24.307489;-56.729431;15;15;-1.122785920355405e-06;1497.0501708984375;19.867835998535156
2018-10-25-0400;-24.29081;-56.928345;15;15;2.8765637768143743e-06;1494.81787109375;19.283905029296875
2018-10-25-0500;-24.314749;-57.011078;15;15;5.909466631105412e-06;1492.5872802734375;18.983552932739258
2018-10-25-0600;-24.315878;-57.096863;15;15;4.95055659405644e-06;1489.6109619140625;18.46949577331543
2018-10-25-0700;-24.345728;-56.97995;15;15;-2.1693790806569777e-06;1485.8922119140625;17.68107795715332
2018-10-25-0800;-24.473301;-56.793701;15;15;-6.815910688021402e-06;1482.9158935546875;17.043418884277344
2018-10-25-0900;-24.553413;-56.558746;15;15;-1.1688463089120787e-05;1486.63623046875;16.44569969177246
2018-10-25-1000;-24.830088;-56.272003;15;15;-1.916015700380995e-05;1493.3297119140625;17.715654373168945
2018-10-25-1100;-25.05769;-55.944061;15;15;-1.770578458944769e-05;1500.7689208984375;17.165241241455078
2018-10-25-1200;-25.216898;-55.653137;15;15;-1.4015228156011266e-05;1506.7198486328125;16.783586502075195
2018-10-25-1300;-25.478355;-55.189148;15;15;-2.1290721385605014e-05;1508.2080078125;15.219870567321777
2018-10-25-1400;-25.516617;-54.951599;15;15;-2.572193101041189e-05;1508.2080078125;13.942669868469238
2018-10-25-1500;-25.353226;-54.962433;15;15;-2.17837811584254e-05;1507.4639892578125;14.241867065429688
2018-10-25-1600;-25.322779;-54.772888;15;15;-2.9777498782853012e-05;1500.7689208984375;14.941781044006348
2018-10-25-1700;-25.404795;-54.352203;15;15;-3.263179163537932e-05;1498.5367431640625;14.11168384552002
2018-10-25-1800;-25.246769;-54.985443;15;15;-3.2821773362122425e-05;1484.404052734375;16.01351547241211
2018-10-25-1900;-25.13151;-55.71701;15;15;-2.794339433600621e-05;1473.990234375;17.200380325317383
2018-10-25-2000;-24.999138;-56.191071;15;15;-3.114801837029346e-05;1463.5762939453125;17.462797164916992
2018-10-25-2100;-24.969067;-56.271393;15;15;-3.2280275735461796e-05;1463.5762939453125;17.693866729736328
2018-10-25-2200;-24.964727;-56.456146;15;15;-2.212678225909223e-05;1464.3204345703125;17.45997428894043
2018-10-25-2300;-24.873533;-56.703278;15;15;-2.9157357836549907e-05;1471.0155029296875;17.221696853637695
2018-10-26-0000;-24.870552;-56.725891;15;15;-3.03672021785234e-05;1481.4293212890625;17.269752502441406
2018-10-26-0100;-24.805172;-56.806213;15;15;-3.2987528221506263e-05;1482.9158935546875;17.02924346923828
2018-10-26-0200;-24.642729;-57.102448;15;15;-3.3296979297910214e-05;1489.6109619140625;16.678268432617188
2018-10-26-0300;-24.540285;-57.398346;15;15;-2.7665052497929957e-05;1491.09912109375;16.78771209716797
2018-10-26-0400;-24.412977;-57.680573;15;15;-2.614959529081519e-05;1485.1480712890625;17.31861686706543
2018-10-26-0500;-24.425148;-57.624939;15;15;-2.7198138516294415e-05;1481.4293212890625;17.087778091430664
2018-10-26-0600;-24.450621;-57.670532;15;15;-3.2286456453180526e-05;1477.708984375;16.9863338470459
2018-10-26-0700;-24.41918;-57.792603;15;15;-3.854892003181338e-05;1473.24609375;16.57659339904785
2018-10-26-0800;-24.544395;-57.611603;15;15;-3.843243284880845e-05;1471.0155029296875;16.693836212158203
2018-10-26-0900;-24.777618;-57.268188;15;15;-4.1758922119354265e-05;1476.222412109375;16.575475692749023
2018-10-26-1000;-25.723265;-56.152191;15;15;-1.0512917046521662e-05;1475.4783935546875;18.236831665039062
2018-10-26-1100;-26.199348;-55.793579;15;15;-3.247330046871701e-05;1474.7342529296875;17.753734588623047
2018-10-26-1200;-26.486828;-55.759705;15;15;-5.1900871015318385e-05;1479.941162109375;17.301706314086914
2018-10-26-1300;-26.847342;-55.586639;15;15;-6.951888759269863e-05;1482.9158935546875;16.155344009399414
2018-10-26-1400;-27.085033;-55.596436;15;15;-7.046565176555171e-05;1482.9158935546875;15.358482360839844
2018-10-26-1500;-27.187584;-55.269958;15;15;-6.906323842197282e-05;1478.4530029296875;15.902460098266602
2018-10-26-1600;-27.415628;-55.026093;15;15;-6.293268722319968e-05;1471.0155029296875;16.84451675415039
2018-10-26-1700;-27.33972;-54.986084;15;15;-5.579805611593405e-05;1461.345703125;16.803478240966797
2018-10-26-1800;-27.477634;-54.572113;15;15;-6.868425409965012e-05;1458.369384765625;17.3355770111084
2018-10-26-1900;-27.455589;-54.210449;15;15;-8.005743941475284e-05;1446.4674072265625;17.662708282470703
2018-10-26-2000;-27.559536;-53.815521;15;15;-8.656634857659554e-05;1450.187744140625;18.16035270690918
2018-10-26-2100;-27.817936;-53.297485;15;15;-9.705937412858253e-05;1450.931884765625;18.215879440307617
2018-10-26-2200;-28.309803;-52.734131;15;15;-9.596386498074522e-05;1444.9808349609375;19.91037368774414
2018-10-26-2300;-28.176872;-52.37561;15;15;-8.945765448662887e-05;1447.2115478515625;21.073102951049805
2018-10-27-0000;-28.147604;-51.910706;15;15;-8.177724497446061e-05;1449.4437255859375;21.027069091796875
2018-10-27-0100;-28.259113;-51.429657;15;15;-7.416315416901704e-05;1446.4674072265625;21.369447708129883
2018-10-27-0200;-28.429705;-50.968536;15;15;-6.857153046559085e-05;1442.7486572265625;21.588699340820312
2018-10-27-0300;-28.68689;-50.624481;15;15;-6.265845168955443e-05;1435.3094482421875;23.962539672851562
2018-10-27-0400;-28.78157;-50.266113;15;15;-5.449437646274818e-05;1421.1768798828125;26.581939697265625
2018-10-27-0500;-29.037771;-49.864807;15;15;-6.057758487876323e-05;1412.9952392578125;27.960752487182617
2018-10-27-0600;-29.125534;-49.436371;15;15;-6.561487878357687e-05;1403.325439453125;28.69436264038086
2018-10-27-0700;-29.192589;-48.990051;15;15;-6.273169164406775e-05;1398.8609619140625;30.387800216674805
2018-10-27-0800;-29.197126;-48.52301;15;15;-5.126993788354858e-05;1392.9100341796875;31.582317352294922
2018-10-27-0900;-29.238091;-48.008392;15;15;-4.176562364711681e-05;1384.7283935546875;30.4798526763916
2018-10-27-1000;-29.264576;-47.449829;15;15;-3.0757878343819725e-05;1381.753662109375;28.244142532348633
2018-10-27-1100;-29.280222;-46.813751;15;15;-4.99556776907284e-05;1378.0333251953125;28.713937759399414
2018-10-27-1200;-29.170664;-46.055969;15;15;-6.384752927745894e-05;1369.8516845703125;30.047494888305664
2018-10-27-1300;-29.149729;-45.311401;15;15;-6.262121021246784e-05;1362.41259765625;32.48169708251953
2018-10-27-1400;-29.113911;-44.786346;15;15;-6.458526458924252e-05;1356.4615478515625;34.15711212158203
2018-10-27-1500;-29.161144;-44.35379;15;15;-8.792230059381517e-05;1349.02392578125;34.744319915771484
2018-10-27-1600;-29.220921;-43.837646;15;15;-7.706773285197425e-05;1343.072998046875;34.98644256591797
2018-10-27-1700;-29.292183;-43.359192;15;15;-6.440869158759393e-05;1334.1473388671875;34.32888412475586
2018-10-27-1800;-29.41205;-42.981689;15;15;-5.862881617787455e-05;1323.7333984375;34.162654876708984
2018-10-27-1900;-29.447014;-42.49353;15;15;-5.147684990245215e-05;1318.5264892578125;34.03204345703125
2018-10-27-2000;-29.505116;-42.003204;15;15;-5.836121337582841e-05;1310.34326171875;34.13006591796875
2018-10-27-2100;-29.487535;-41.539337;15;15;-5.8516285960195695e-05;1308.8551025390625;35.18155288696289
2018-10-27-2200;-29.473623;-40.909973;15;15;-4.704984893913733e-05;1308.1126708984375;36.263336181640625
2018-10-27-2300;-29.501373;-40.62912;15;15;-3.7460890237988975e-05;1306.62451171875;37.46629333496094
2018-10-28-0000;-29.498329;-40.356812;15;15;-3.9880186496010866e-05;1303.648193359375;37.03749084472656
2018-10-28-0100;-29.541395;-40.070557;15;15;-2.0178054366061863e-05;1305.1363525390625;36.11983108520508
2018-10-28-0200;-29.606039;-39.736084;15;15;-1.2081403163427002e-05;1304.392333984375;37.16377258300781
2018-10-28-0300;-29.704081;-39.456604;15;15;-1.6135000095634693e-05;1296.210693359375;38.89790344238281
2018-10-28-0400;-29.764997;-39.066589;15;15;-2.9848389805831913e-05;1288.0274658203125;39.678955078125
2018-10-28-0500;-29.904743;-38.620972;15;15;-6.662444915790253e-06;1276.8695068359375;39.024654388427734
2018-10-28-0600;-30.071098;-38.203613;15;15;-3.669369940315861e-05;1265.713134765625;39.27736282348633
2018-10-28-0700;-30.236296;-37.697754;15;15;-4.0936936538142945e-05;1257.5299072265625;40.30093765258789
2018-10-28-0800;-30.448122;-37.311432;15;15;-4.2314605814380935e-05;1252.322998046875;41.008094787597656
2018-10-28-0900;-30.617874;-36.860535;15;15;-5.895649436308104e-05;1251.5789794921875;41.390296936035156
2018-10-28-1000;-30.973904;-36.214264;15;15;-8.51624756462721e-05;1258.2740478515625;43.089256286621094
2018-10-28-1100;-31.072479;-35.859009;15;15;-0.00012463989121795578;1259.01806640625;40.295719146728516
2018-10-28-1200;-31.285919;-35.448181;15;15;-0.00015748185668796726;1259.01806640625;40.027462005615234
2018-10-28-1300;-31.475826;-35.051392;15;15;-0.00013434411804656767;1264.2249755859375;40.01205062866211
2018-10-28-1400;-31.708191;-34.651031;15;15;-0.00012734957962259983;1262.73681640625;40.49531936645508
2018-10-28-1500;-31.911472;-34.292328;15;15;-0.00011558600180299122;1261.248779296875;40.854305267333984
2018-10-28-1600;-32.13377;-33.907959;15;15;-0.00010486991222589428;1253.8111572265625;41.09360885620117
2018-10-28-1700;-32.359638;-33.594238;15;15;-8.444062718830137e-05;1252.322998046875;41.03224182128906
2018-10-28-1800;-32.566273;-33.233246;15;15;-9.366303157014317e-05;1248.604248046875;40.937191009521484
2018-10-28-1900;-32.79351;-32.870544;15;15;-9.044607677840704e-05;1252.322998046875;41.20905303955078
2018-10-28-2000;-33.019508;-32.551208;15;15;-0.00010010218532346508;1248.604248046875;40.75
2018-10-28-2100;-33.263329;-32.160034;15;15;-0.00011493514018723511;1251.5789794921875;40.45867156982422
2018-10-28-2200;-33.515068;-31.641449;15;15;-0.00015116758411274256;1240.4210205078125;41.18635940551758
2018-10-28-2300;-33.777187;-31.295135;15;15;-0.0001659326083237411;1241.9091796875;40.594730377197266
2018-10-29-0000;-34.030403;-31.063263;15;15;-0.00016818124191593742;1239.6785888671875;40.98683166503906
2018-10-29-0100;-34.245407;-30.802307;15;15;-0.00015393188845766903;1241.1650390625;41.93626403808594
2018-10-29-0200;-34.509445;-30.561615;15;15;-0.0001273292723008886;1239.6785888671875;42.893516540527344
2018-10-29-0300;-34.753475;-30.3703;15;15;-9.70076097028098e-05;1238.9344482421875;42.22614288330078
2018-10-29-0400;-34.984745;-30.188477;15;15;-8.725091589380151e-05;1235.9581298828125;39.320350646972656
2018-10-29-0500;-35.258175;-29.937866;15;15;-8.755054249900648e-05;1235.9581298828125;38.554481506347656
2018-10-29-0600;-35.49474;-29.682037;15;15;-9.334185044360428e-05;1235.214111328125;37.95074462890625
2018-10-29-0700;-35.709076;-29.477386;15;15;-0.00010068328955553802;1237.4462890625;37.43247985839844
2018-10-29-0800;-35.952179;-29.145874;15;15;-9.733883993372936e-05;1239.6785888671875;39.27934265136719
2018-10-29-0900;-36.164547;-28.906342;15;15;-9.505548115624322e-05;1243.3973388671875;40.08235168457031
2018-10-29-1000;-36.357918;-28.654419;15;15;-0.00010802599717708575;1243.3973388671875;40.15798568725586
2018-10-29-1100;-36.580315;-28.45636;15;15;-0.0001156279514555508;1238.9344482421875;40.81073760986328
2018-10-29-1200;-36.845253;-28.231964;15;15;-0.000128212337858407;1238.1904296875;39.99772262573242
2018-10-29-1300;-37.028961;-28.025085;15;15;-0.00012950450709129678;1238.9344482421875;39.12853240966797
2018-10-29-1400;-37.259895;-27.792419;15;15;-0.00013418683639462498;1235.214111328125;38.051387786865234
2018-10-29-1500;-37.443211;-27.638947;15;15;-0.00014611539791830377;1233.7275390625;36.90731430053711
2018-10-29-1600;-37.61459;-27.432587;15;15;-0.00015392325571388966;1230.0072021484375;35.826446533203125
2018-10-29-1700;-37.810577;-27.174042;15;15;-0.00015431022908470946;1230.751220703125;35.37788772583008
2018-10-29-1800;-37.969925;-26.904266;15;15;-0.00015037077900185604;1229.2630615234375;35.13835144042969
2018-10-29-1900;-38.12925;-26.614868;15;15;-0.00014033061750691613;1232.9835205078125;34.40137481689453
2018-10-29-2000;-38.306061;-26.330017;15;15;-0.00015517362210408137;1235.9581298828125;33.27611541748047
2018-10-29-2100;-38.469296;-26.056213;15;15;-0.00015383589614771938;1238.1904296875;32.70851516723633
2018-10-29-2200;-38.695808;-25.788391;15;15;-0.0001582683877172902;1238.1904296875;33.80769348144531
2018-10-29-2300;-38.831791;-25.55368;15;15;-0.0001861398790824608;1243.3973388671875;34.26599884033203
2018-10-30-0000;-38.99234;-25.321106;15;15;-0.00019120492899616905;1240.4210205078125;33.252742767333984
2018-10-30-0100;-39.123577;-25.151459;15;15;-0.0002146351395728354;1247.8602294921875;32.7559928894043
2018-10-30-0200;-39.299908;-25.009277;15;15;-0.00021449823652067008;1244.885498046875;32.23408126831055
2018-10-30-0300;-39.482323;-24.801086;15;15;-0.00020535001912026253;1240.4210205078125;32.50436019897461
2018-10-30-0400;-39.640919;-24.583252;15;15;-0.00019641655172390486;1238.9344482421875;31.90088653564453
2018-10-30-0500;-39.773205;-24.318542;15;15;-0.00021016431059549072;1238.9344482421875;31.430110931396484
2018-10-30-0600;-39.921005;-23.975922;15;15;-0.00020221620386824806;1243.3973388671875;30.859519958496094
2018-10-30-0700;-40.0658;-23.702087;15;15;-0.00019804892077752404;1239.6785888671875;30.843822479248047
2018-10-30-0800;-40.205818;-23.414185;15;15;-0.00020153976156565682;1245.6279296875;30.59043312072754
2018-10-30-0900;-40.348511;-23.142975;15;15;-0.0001983645079425897;1250.0924072265625;30.58865737915039
2018-10-30-1000;-40.497299;-22.911713;15;15;-0.00019843794719125285;1253.067138671875;30.285526275634766
2018-10-30-1100;-40.621471;-22.734253;15;15;-0.00019713222765675205;1254.5552978515625;30.486072540283203
2018-10-30-1200;-40.74435;-22.521057;15;15;-0.000196111818974291;1253.8111572265625;30.213098526000977
2018-10-30-1300;-40.875759;-22.330688;15;15;-0.0001766130450372196;1256.041748046875;30.068771362304688
2018-10-30-1400;-41.016579;-22.127777;15;15;-0.000177397543741889;1254.5552978515625;29.61618423461914
2018-10-30-1500;-41.168968;-21.944214;15;15;-0.0001690851206875829;1254.5552978515625;29.02308464050293
2018-10-30-1600;-41.309177;-21.753784;15;15;-0.00017621440679369574;1254.5552978515625;28.751750946044922
2018-10-30-1700;-41.418236;-21.569244;15;15;-0.0001618600499236396;1256.785888671875;28.23678207397461
2018-10-30-1800;-41.564964;-21.324768;15;15;-0.00016733323178147369;1260.5062255859375;27.50062370300293
2018-10-30-1900;-41.697655;-21.109161;15;15;-0.00014630439359290907;1261.248779296875;26.7564640045166
2018-10-30-2000;-41.770344;-20.926483;15;15;-0.00016119163587677586;1264.9691162109375;25.729494094848633
2018-10-30-2100;-41.843185;-20.770813;15;15;-0.0001641515706765514;1268.6878662109375;24.70667266845703
2018-10-30-2200;-41.990955;-20.505554;15;15;-0.00015753674021389303;1270.176025390625;24.334367752075195
2018-10-30-2300;-42.0242;-20.370667;15;15;-0.00016206610764018864;1274.638916015625;24.273208618164062
2018-10-31-0000;-42.091927;-20.21814;15;15;-0.00017212718274948455;1270.9200439453125;24.474992752075195
2018-10-31-0100;-42.175701;-20.050385;15;15;-0.0001647796070815677;1274.638916015625;24.524410247802734
2018-10-31-0200;-42.262112;-19.914978;15;15;-0.00018533862168697155;1271.66259765625;24.29596519470215
2018-10-31-0300;-42.360249;-19.762024;15;15;-0.000186920870236971;1272.4066162109375;24.160558700561523
2018-10-31-0400;-42.462193;-19.601196;15;15;-0.00017652221645295314;1272.4066162109375;24.646825790405273
2018-10-31-0500;-42.569542;-19.417542;15;15;-0.0001742793562437728;1274.638916015625;25.138946533203125
2018-10-31-0600;-42.65794;-19.260803;15;15;-0.00016364079725801018;1275.3829345703125;25.09967041015625
2018-10-31-0700;-42.729229;-19.145508;15;15;-0.0001677536567158591;1279.1016845703125;24.770273208618164
2018-10-31-0800;-42.755432;-19.112091;15;15;-0.00017263776363585505;1282.076416015625;24.463626861572266
2018-10-31-0900;-42.773411;-19.121429;15;15;-0.00016952675119541414;1289.515625;24.4346981048584
2018-10-31-1000;-42.842239;-19.103577;15;15;-0.0001745840182526965;1287.2833251953125;23.660612106323242
2018-10-31-1100;-42.840637;-19.224121;15;15;-0.0001626797700890998;1288.0274658203125;23.578575134277344
2018-10-31-1200;-42.882118;-19.24707;15;15;-0.00014540160801967766;1286.5408935546875;23.276126861572266
2018-10-31-1300;-42.94458;-19.218506;15;15;-0.00013864761695305547;1286.5408935546875;23.080129623413086
2018-10-31-1400;-43.03149;-19.130127;15;15;-0.00013299962910829963;1285.7967529296875;22.622346878051758
2018-10-31-1500;-43.124458;-19.010803;15;15;-0.00013756676580075787;1284.30859375;21.924036026000977
2018-10-31-1600;-43.211193;-18.890961;15;15;-0.00013470538277721557;1285.052734375;21.38677215576172
2018-10-31-1700;-43.224262;-18.85556;15;15;-0.00014300981513816548;1286.5408935546875;21.00920295715332
2018-10-31-1800;-43.154747;-18.901398;15;15;-0.00013197111575000722;1288.771484375;20.804080963134766
2018-10-31-1900;-43.027378;-18.986511;15;15;-0.00011657287685867407;1289.515625;21.290109634399414
2018-10-31-2000;-42.889099;-19.026276;15;15;-0.00010985840447659218;1290.2596435546875;21.357080459594727
2018-10-31-2100;-42.778988;-19.011292;15;15;-8.74522306668205e-05;1293.9783935546875;21.509563446044922
2018-10-31-2200;-42.786758;-18.724152;15;15;-8.778665887747373e-05;1288.0274658203125;21.964370727539062
2018-10-31-2300;-42.758904;-18.640869;15;15;-9.41765630331084e-05;1290.2596435546875;22.262561798095703
2018-11-01-0000;-42.770428;-18.521698;15;15;-0.00010358335510024427;1290.2596435546875;22.433053970336914
2018-11-01-0100;-42.792217;-18.350342;15;15;-0.00011039703469216163;1285.052734375;22.640026092529297
2018-11-01-0200;-42.828651;-18.138306;15;15;-0.0001105014265769564;1284.30859375;23.11707878112793
2018-11-01-0300;-42.814098;-17.911316;15;15;-0.00010955644000378858;1281.333984375;23.504226684570312
2018-11-01-0400;-42.808807;-17.64325;15;15;-0.00010659373543650991;1279.8458251953125;23.584243774414062
2018-11-01-0500;-42.771439;-17.381042;15;15;-0.00010578440295221863;1280.58984375;23.52960205078125
2018-11-01-0600;-42.736202;-17.148468;15;15;-0.00010548543635588164;1279.1016845703125;23.616472244262695
2018-11-01-0700;-42.707176;-16.913818;15;15;-0.00010369286203231892;1282.820556640625;23.551542282104492
2018-11-01-0800;-42.733135;-16.703491;15;15;-0.00010273029463377287;1282.820556640625;23.190011978149414
2018-11-01-0900;-42.78484;-16.482208;15;15;-9.944182715380823e-05;1289.515625;22.69228744506836
2018-11-01-1000;-42.929649;-16.272491;15;15;-9.48124365853026e-05;1284.30859375;22.613414764404297
2018-11-01-1100;-42.978031;-16.001984;15;15;-9.310006976498411e-05;1287.2833251953125;22.44423484802246
2018-11-01-1200;-43.006172;-15.671356;15;15;-9.179688277802231e-05;1283.5645751953125;22.235761642456055
2018-11-01-1300;-43.038246;-15.31781;15;15;-9.425796321253495e-05;1286.5408935546875;21.802547454833984
2018-11-01-1400;-43.052738;-14.925201;15;15;-0.00010365464128334089;1286.5408935546875;21.507143020629883
2018-11-01-1500;-43.062737;-14.615265;15;15;-0.00010871805436107114;1286.5408935546875;21.14207649230957
2018-11-01-1600;-43.069035;-14.210327;15;15;-0.00011626215612986013;1288.0274658203125;20.80343246459961
2018-11-01-1700;-43.058903;-13.863861;15;15;-0.00011635366289665088;1290.2596435546875;20.27487564086914
2018-11-01-1800;-43.057743;-13.50351;15;15;-0.00012135062446995319;1293.9783935546875;19.687973022460938
2018-11-01-1900;-43.020744;-13.16864;15;15;-0.0001279754254108705;1299.185302734375;19.483386993408203
2018-11-01-2000;-42.961525;-12.814789;15;15;-0.00012096864868411764;1302.16162109375;19.237003326416016
2018-11-01-2100;-42.894176;-12.512329;15;15;-0.0001141793867132764;1310.34326171875;19.011701583862305
2018-11-01-2200;-42.864956;-12.3703;15;15;-0.00010846953234958055;1309.5992431640625;19.51150131225586
2018-11-01-2300;-42.822052;-12.132019;15;15;-0.0001028979861363552;1312.5755615234375;19.815134048461914
2018-11-02-0000;-42.779152;-11.922943;15;15;-9.40264866477743e-05;1308.1126708984375;20.118452072143555
2018-11-02-0100;-42.790894;-11.587097;15;15;-8.429107184411881e-05;1302.16162109375;20.406511306762695
2018-11-02-0200;-42.820873;-11.163727;15;15;-7.583498367206278e-05;1297.6988525390625;20.402549743652344
2018-11-02-0300;-42.86179;-10.664764;15;15;-6.855985111455449e-05;1294.7225341796875;20.24594497680664
2018-11-02-0400;-42.940056;-9.9841;15;15;-6.590347228974126e-05;1292.4918212890625;20.35857391357422
2018-11-02-0500;-43.085968;-9.205353;15;15;-7.353128446722339e-05;1284.30859375;19.99432945251465
2018-11-02-0600;-43.301651;-8.314667;15;15;-7.886405268683043e-05;1279.1016845703125;20.4326114654541
2018-11-02-0700;-43.781086;-7.232117;15;15;-7.815202605603203e-05;1270.176025390625;21.928752899169922
