time;Lat;Lon;length;width;min_zeta_850;min_hgt_850;max_wind_850
1984-09-19-0300;-29.127497000000005;-61.09970100000001;15.000000000000004;15.000000000000007;-0.00015773775800149742;1323.07861328125;29.14352035522461
1984-09-19-0400;-29.038301000000004;-60.729156;15.000000000000004;15.0;-0.00019118805339606777;1322.33447265625;28.748287200927734
1984-09-19-0500;-29.017443;-60.177155;15.0;15.0;-0.00017039559084281277;1321.5904541015625;28.680376052856445
1984-09-19-0600;-29.11204;-59.67321799999999;15.0;14.999999999999993;-0.00012288563456171935;1315.6409912109375;27.705467224121094
1984-09-19-0700;-28.817785;-59.462402;15.0;15.0;-0.00013316861380392828;1314.89697265625;26.788131713867188
1984-09-19-0800;-28.652864;-59.174469;15.0;15.0;-0.00014914245225335055;1314.15283203125;28.292789459228516
1984-09-19-0900;-27.981880000000004;-59.33019999999999;15.000000000000004;14.999999999999993;-0.00016412016972745344;1319.3597412109375;29.200042724609375
1984-09-19-1000;-28.040659000000005;-58.466064;15.000000000000004;15.0;-0.0002301808156799881;1317.1275634765625;31.19339942932129
1984-09-19-1100;-27.887146;-58.21279899999999;15.0;14.999999999999993;-0.0001965798831070063;1320.102294921875;30.065950393676758
1984-09-19-1200;-27.760126;-57.906158000000005;15.0;15.000000000000007;-0.00016203494553204326;1320.8463134765625;27.745994567871094
1984-09-19-1300;-28.876944;-56.94158899999999;15.0;14.999999999999993;-0.00016301778881425366;1322.33447265625;28.70326042175293
1984-09-19-1400;-29.687528999999998;-56.161865;14.999999999999996;15.0;-0.000176412780198827;1321.5904541015625;30.003812789916992
1984-09-19-1500;-30.818251000000004;-55.368286;15.000000000000004;15.0;-0.00015668178105741833;1321.5904541015625;30.471101760864258
1984-09-19-1600;-31.163351;-54.925537;15.0;15.0;-0.00017510064204311746;1322.33447265625;31.71873664855957
1984-09-19-1700;-31.500304999999997;-54.556244;14.999999999999996;15.0;-0.00019641959983414194;1320.102294921875;33.10551834106445
1984-09-19-1800;-31.698429000000004;-54.274109;15.000000000000004;15.0;-0.00018723685849001095;1305.97119140625;34.64960479736328
1984-09-19-1900;-31.745767999999998;-53.890015;14.999999999999996;15.0;-0.00020957127646635266;1300.0218505859375;34.356876373291016
1984-09-19-2000;-31.945282;-53.618683;15.0;15.0;-0.00023896191174501176;1293.328369140625;36.15715789794922
1984-09-19-2100;-32.119411;-53.340149;15.0;15.0;-0.0002488963798347082;1288.1214599609375;38.53685760498047
1984-09-19-2200;-32.648209;-53.307556;15.0;15.0;-0.0002789451935300304;1255.396484375;41.276241302490234
1984-09-19-2300;-32.795254;-53.084747;15.0;15.0;-0.0002962447670293919;1249.4471435546875;42.70628356933594
1984-09-20-0000;-32.941662;-52.929077;15.0;15.0;-0.00036501313814707193;1240.5213623046875;44.59443664550781
1984-09-20-0100;-33.176872;-52.748474;15.0;15.0;-0.00041168653485672106;1231.595703125;44.561458587646484
1984-09-20-0200;-33.544384;-52.601318;15.0;15.0;-0.0004282714936112707;1215.2340087890625;45.767723083496094
1984-09-20-0300;-33.822483;-52.292999;15.0;15.0;-0.00043536174208985386;1201.10302734375;46.67934799194336
1984-09-20-0400;-34.236103;-52.262634;15.0;15.0;-0.00047106710876162474;1186.2279052734375;45.59242248535156
1984-09-20-0500;-34.535107;-52.063354;15.0;15.0;-0.000495687668125099;1169.8646240234375;45.10649108886719
1984-09-20-0600;-34.836761;-51.930664;15.0;15.0;-0.00048562123961982923;1154.989501953125;45.31521987915039
1984-09-20-0700;-35.146873;-51.908661;15.0;15.0;-0.0004686125524203619;1140.8585205078125;44.013023376464844
1984-09-20-0800;-35.3088;-51.806732;15.0;15.0;-0.00042670168897943295;1135.651611328125;43.115196228027344
1984-09-20-0900;-35.565758;-51.603821;15.0;15.0;-0.0003728894659745212;1126.7274169921875;42.9637451171875
1984-09-20-1000;-35.833218;-51.477112;15.0;15.0;-0.00036065318355973914;1123.0086669921875;44.50214767456055
1984-09-20-1100;-36.120895;-51.251465;15.0;15.0;-0.00037900388791961955;1123.752685546875;45.614990234375
1984-09-20-1200;-36.419811;-51.129425;15.0;15.0;-0.0004191655339103162;1120.7764892578125;45.35166549682617
1984-09-20-1300;-36.723431;-51.045227;15.0;15.0;-0.0004125523459349846;1123.0086669921875;43.70884704589844
1984-09-20-1400;-36.995049;-50.806854;15.0;15.0;-0.0003744035206836195;1120.033935546875;42.92933654785156
1984-09-20-1500;-37.270569;-50.73819;15.0;15.0;-0.0003404302944669164;1123.752685546875;42.22753143310547
1984-09-20-1600;-37.481281;-50.488922;15.0;15.0;-0.0003109111653595203;1121.5205078125;41.77803421020508
1984-09-20-1700;-37.723862;-50.341858;15.0;15.0;-0.00029443060930259187;1119.2899169921875;40.867523193359375
1984-09-20-1800;-37.959061;-50.136902;15.0;15.0;-0.00028383812780306535;1120.033935546875;39.17144012451172
1984-09-20-1900;-38.175777;-49.982117;15.0;15.0;-0.00028444891482226544;1122.2646484375;38.10138702392578
1984-09-20-2000;-38.41655;-49.781891;15.0;15.0;-0.0002867362077455024;1123.752685546875;37.6141357421875
1984-09-20-2100;-38.666161;-49.58847;15.0;15.0;-0.00027860172747343014;1127.4715576171875;37.47355651855469
1984-09-20-2200;-38.686081;-49.631165;15.0;15.0;-0.0002686616844676008;1123.0086669921875;37.74866485595703
1984-09-20-2300;-38.894928;-49.433502;15.0;15.0;-0.00026706514037611934;1123.0086669921875;37.581912994384766
1984-09-21-0000;-39.095646;-49.24649;15.0;15.0;-0.00026452403369137405;1124.4952392578125;37.268402099609375
1984-09-21-0100;-39.357979;-49.090179;15.0;15.0;-0.00028278934496330817;1124.4952392578125;37.63451385498047
1984-09-21-0200;-39.63826;-49.020111;15.0;15.0;-0.00029309724816099065;1123.752685546875;38.129737854003906
1984-09-21-0300;-39.7211;-48.75174;15.0;15.0;-0.0002914637477439139;1123.0086669921875;39.217063903808594
1984-09-21-0400;-40.016193;-48.662842;15.0;15.0;-0.00028599019480556;1124.4952392578125;40.48007583618164
1984-09-21-0500;-40.205402;-48.472504;15.0;15.0;-0.0002757340573277022;1124.4952392578125;41.106292724609375
1984-09-21-0600;-40.436531;-48.327881;15.0;15.0;-0.00026972332290763355;1122.2646484375;41.37715530395508
1984-09-21-0700;-40.650875;-48.149567;15.0;15.0;-0.0002612749531106602;1120.033935546875;41.267578125
1984-09-21-0800;-40.848583;-47.926056;15.0;15.0;-0.00025673604205888624;1123.0086669921875;41.37397384643555
1984-09-21-0900;-41.105606;-47.736298;15.0;15.0;-0.00025965252045523325;1120.7764892578125;41.46388244628906
1984-09-21-1000;-41.119274;-47.399811;15.0;15.0;-0.000260819305039002;1125.2392578125;40.97511291503906
1984-09-21-1100;-41.35001;-47.194;15.0;15.0;-0.0002670811729422079;1125.2392578125;40.73212432861328
1984-09-21-1200;-41.650387;-46.954437;15.0;15.0;-0.00026590937885976717;1124.4952392578125;41.08943176269531
1984-09-21-1300;-41.960018;-46.774384;15.0;15.0;-0.0002621546748136162;1126.7274169921875;40.987640380859375
1984-09-21-1400;-42.309116;-46.589569;15.0;15.0;-0.00025866063874397863;1123.0086669921875;40.70323944091797
1984-09-21-1500;-42.587677;-46.414673;15.0;15.0;-0.00025376113122155806;1123.0086669921875;40.74176025390625
1984-09-21-1600;-42.817822;-46.228333;15.0;15.0;-0.00025189390929052357;1123.0086669921875;40.44233322143555
1984-09-21-1700;-43.116444;-46.023163;15.0;15.0;-0.0002491512629345704;1120.033935546875;40.321983337402344
1984-09-21-1800;-43.390846;-45.761597;15.0;15.0;-0.00024628696535073687;1118.5457763671875;40.098731994628906
1984-09-21-1900;-43.676163;-45.557465;15.0;15.0;-0.00023825033518274128;1122.2646484375;40.2232551574707
1984-09-21-2000;-43.816559;-45.38382;15.0;15.0;-0.00023377092617957594;1123.0086669921875;40.0263557434082
1984-09-21-2100;-44.001785;-45.262268;15.0;15.0;-0.00023243283844618837;1127.4715576171875;39.629295349121094
1984-09-21-2200;-44.635788;-44.55368;15.0;15.0;-0.00022997425853820178;1134.9090576171875;40.17094039916992
1984-09-21-2300;-44.868992;-44.362152;15.0;15.0;-0.00022743291582229627;1134.9090576171875;40.11194610595703
1984-09-22-0000;-45.098278;-44.193115;15.0;15.0;-0.00022593905724612506;1134.9090576171875;39.732059478759766
1984-09-22-0100;-45.236328;-44.122803;15.0;15.0;-0.00022316106100462262;1134.9090576171875;39.8409538269043
1984-09-22-0200;-45.453934;-44.016296;15.0;15.0;-0.0002243874142820969;1133.4208984375;39.42100143432617
1984-09-22-0300;-45.524612;-43.97171;15.0;15.0;-0.0002751152863680568;1133.4208984375;38.360321044921875
1984-09-22-0400;-45.589329;-43.909485;15.0;15.0;-0.00026395306886238003;1130.4461669921875;37.43613815307617
1984-09-22-0500;-45.591999;-43.802216;15.0;15.0;-0.00029736469915699466;1126.7274169921875;34.12851333618164
1984-09-22-0600;-45.658085;-43.608673;15.0;15.0;-0.00022649836601403036;1123.0086669921875;29.209880828857422
1984-09-22-0700;-45.704124;-43.392761;15.0;15.0;-0.00022602291791954892;1121.5205078125;28.450864791870117
1984-09-22-0800;-45.764515;-43.171204;15.0;15.0;-0.00022683845754013998;1121.5205078125;28.2769775390625
1984-09-22-0900;-45.843021;-42.981232;15.0;15.0;-0.00022239975179497317;1124.4952392578125;27.881994247436523
1984-09-22-1000;-45.998875;-42.703003;15.0;15.0;-0.00021999446154400836;1133.4208984375;28.370891571044922
1984-09-22-1100;-46.048428;-42.594147;15.0;15.0;-0.000225497553790221;1131.9327392578125;28.46883773803711
1984-09-22-1200;-46.076488;-42.52298;15.0;15.0;-0.00022765622038939235;1134.1650390625;28.776588439941406
1984-09-22-1300;-46.137192;-42.388;15.0;15.0;-0.00022767006002144714;1135.651611328125;28.84954261779785
1984-09-22-1400;-46.21204;-42.182281;15.0;15.0;-0.00023197390023800628;1135.651611328125;29.166545867919922
1984-09-22-1500;-46.314083;-41.916077;15.0;15.0;-0.00023443976406720504;1139.370361328125;29.204700469970703
1984-09-22-1600;-46.442703;-41.571289;15.0;15.0;-0.00023619813426579015;1139.370361328125;29.233366012573242
1984-09-22-1700;-46.621162;-41.098541;15.0;15.0;-0.00023257426707352515;1140.8585205078125;28.970796585083008
1984-09-22-1800;-46.803486;-40.591827;15.0;15.0;-0.00022572909258754083;1141.6025390625;28.757396697998047
1984-09-22-1900;-46.953079;-40.141205;15.0;15.0;-0.00022106641937603267;1145.3212890625;28.34750747680664
1984-09-22-2000;-47.12067;-39.673218;15.0;15.0;-0.00021695439276822506;1149.0401611328125;27.96883201599121
1984-09-22-2100;-47.240082;-39.292419;15.0;15.0;-0.00020839954058307012;1154.989501953125;27.100505828857422
1984-09-22-2200;-47.543064;-38.650024;15.0;15.0;-0.00020402282533854528;1158.708251953125;27.131240844726562
1984-09-22-2300;-47.651573;-38.28775;15.0;15.0;-0.00019540471277409635;1161.6829833984375;27.056804656982422
1984-09-23-0000;-47.724388;-37.970703;15.0;15.0;-0.00018835765928637208;1167.634033203125;27.82833480834961
1984-09-23-0100;-47.74345;-37.758789;15.0;15.0;-0.00018620195534717817;1169.8646240234375;28.313114166259766
1984-09-23-0200;-47.777901;-37.52655;15.0;15.0;-0.0001862762016882523;1172.0968017578125;28.44861602783203
1984-09-23-0300;-47.801323;-37.320862;15.0;15.0;-0.00018595139322278507;1178.0462646484375;28.476703643798828
1984-09-23-0400;-47.814224;-37.162689;15.0;15.0;-0.0001819036899793358;1176.55810546875;27.95608139038086
1984-09-23-0500;-47.826981;-37.027557;15.0;15.0;-0.00017350272726538544;1174.3275146484375;26.664228439331055
1984-09-23-0600;-47.842861;-36.898926;15.0;15.0;-0.00016627286556090712;1175.071533203125;26.036645889282227
1984-09-23-0700;-47.756657;-36.91098;15.0;15.0;-0.0001629821052187481;1173.5833740234375;25.28445053100586
1984-09-23-0800;-47.614006;-36.978546;15.0;15.0;-0.00015881199155366065;1175.071533203125;24.62240219116211
1984-09-23-0900;-47.469574;-37.008881;15.0;15.0;-0.00015622527627687197;1181.7650146484375;24.522432327270508
1984-09-23-1000;-47.386623;-36.783539;15.0;15.0;-0.00016396853998378966;1194.4095458984375;23.88762664794922
1984-09-23-1100;-47.220448;-36.789764;15.0;15.0;-0.00017496443712998507;1195.1519775390625;24.259912490844727
1984-09-23-1200;-47.122593;-36.707031;15.0;15.0;-0.00019233744090133503;1196.64013671875;24.59026527404785
1984-09-23-1300;-47.023582;-36.660339;15.0;15.0;-0.00020199072119662497;1195.8961181640625;24.85905647277832
1984-09-23-1400;-46.936951;-36.631927;15.0;15.0;-0.00020540431962814298;1195.1519775390625;24.900897979736328
1984-09-23-1500;-46.847298;-36.624023;15.0;15.0;-0.0002023373907722496;1192.17724609375;24.882369995117188
1984-09-23-1600;-46.758163;-36.603302;15.0;15.0;-0.0001932308986304734;1194.4095458984375;24.442665100097656
1984-09-23-1700;-46.656326;-36.570251;15.0;15.0;-0.00017799256430925606;1191.4332275390625;24.07630729675293
1984-09-23-1800;-46.616062;-36.453125;15.0;15.0;-0.00016782962434296744;1190.6907958984375;24.00782585144043
1984-09-23-1900;-46.603226;-36.281738;15.0;15.0;-0.0001640546188996366;1189.20263671875;24.30853843688965
1984-09-23-2000;-46.616959;-36.068665;15.0;15.0;-0.00016342851825743013;1193.6654052734375;25.018482208251953
1984-09-23-2100;-46.635654;-35.830322;15.0;15.0;-0.00016289955387913975;1193.6654052734375;25.4826602935791
1984-09-23-2200;-46.198589;-35.825806;15.0;15.0;-0.00015359587407745605;1199.6148681640625;26.010028839111328
1984-09-23-2300;-46.131657;-35.624451;15.0;15.0;-0.00015688446948777983;1200.35888671875;25.562591552734375
1984-09-24-0000;-46.02737;-35.442993;15.0;15.0;-0.0001685803826858646;1201.845458984375;24.792461395263672
1984-09-24-0100;-45.86816;-35.264221;15.0;15.0;-0.00018593425053574028;1203.3336181640625;24.011131286621094
1984-09-24-0200;-45.517048;-35.176941;15.0;15.0;-0.00022686020428333914;1201.10302734375;24.522571563720703
1984-09-24-0300;-45.2616;-34.968323;15.0;15.0;-0.00023639072598293033;1207.0523681640625;24.869218826293945
1984-09-24-0400;-44.93362;-34.772186;15.0;15.0;-0.00020819987722281422;1207.7965087890625;24.777446746826172
1984-09-24-0500;-44.819103;-34.461914;15.0;15.0;-0.00021309056412093075;1207.0523681640625;25.627702713012695
1984-09-24-0600;-44.438702;-34.232025;15.0;15.0;-0.0002208041899214788;1207.0523681640625;26.12635612487793
1984-09-24-0700;-44.329075;-33.926697;15.0;15.0;-0.00022673235393857002;1208.54052734375;26.294254302978516
1984-09-24-0800;-43.88393;-33.734497;15.0;15.0;-0.00021759503672005327;1208.54052734375;25.74053192138672
1984-09-24-0900;-43.514927;-33.49054;15.0;15.0;-0.00020126217824452733;1215.2340087890625;26.478721618652344
