time;Lat;Lon;length;width;min_zeta_850;min_hgt_850;max_wind_850
2002-08-07-2200;-31.93606;-60.762726;15;15;3.0235893317572412e-05;1436.9202880859375;21.581098556518555
2002-08-07-2300;-32.313519;-60.176666;15;15;2.7870527072637355e-05;1444.2861328125;22.09894561767578
2002-08-08-0000;-32.476814;-59.809082;15;15;1.9028481880683995e-05;1455.3358154296875;22.559642791748047
2002-08-08-0100;-32.599854;-59.554901;15;15;-8.605565342656892e-07;1464.1754150390625;22.79622459411621
2002-08-08-0200;-32.804039;-59.196594;15;15;-2.823248173113352e-06;1467.1214599609375;22.828580856323242
2002-08-08-0300;-32.941399;-58.968536;15;15;-8.101906053982478e-06;1466.3853759765625;22.84613609313965
2002-08-08-0400;-33.115284;-58.737396;15;15;-3.418432669306503e-05;1465.647705078125;23.383228302001953
2002-08-08-0500;-33.313839;-58.464783;15;15;-5.383356395424268e-05;1464.1754150390625;24.211624145507812
2002-08-08-0600;-33.363598;-58.161957;15;15;-7.55410939912855e-05;1459.755615234375;25.71466064453125
2002-08-08-0700;-33.304749;-57.88916;15;15;-6.455940233672271e-05;1456.0718994140625;26.044918060302734
2002-08-08-0800;-33.321396;-57.489532;15;15;-6.72695937054853e-05;1454.599609375;25.507457733154297
2002-08-08-0900;-33.317562;-57.122772;15;15;-0.00011800778545367715;1456.0718994140625;25.349538803100586
2002-08-08-1000;-34.092678;-57.486237;15;15;-4.3770375835491766e-05;1453.1258544921875;26.5249080657959
2002-08-08-1100;-34.166878;-57.181122;15;15;-4.88098085498879e-05;1453.1258544921875;25.844202041625977
2002-08-08-1200;-34.166187;-56.943756;15;15;-6.19451114683601e-05;1456.8095703125;26.139301300048828
2002-08-08-1300;-34.178616;-56.881104;15;15;-4.997143070297602e-05;1459.755615234375;26.045425415039062
2002-08-08-1400;-34.218662;-56.847382;15;15;-4.217113320985007e-05;1459.755615234375;25.886186599731445
2002-08-08-1500;-34.220337;-56.781555;15;15;-1.8617617442375726e-05;1459.01953125;25.837635040283203
2002-08-08-1600;-34.189899;-56.557373;15;15;-5.627937283211214e-06;1459.755615234375;25.836647033691406
2002-08-08-1700;-34.1045;-56.410736;15;15;9.173986392889316e-06;1451.652099609375;25.259910583496094
2002-08-08-1800;-34.153172;-56.276611;15;15;-4.475809260917393e-06;1447.232177734375;25.3137264251709
2002-08-08-1900;-34.25375;-56.144653;15;15;-1.6914250379839736e-05;1443.550048828125;26.07102394104004
2002-08-08-2000;-34.379669;-55.977173;15;15;-2.3430640119827086e-05;1445.0223388671875;26.428382873535156
2002-08-08-2100;-34.572433;-55.842682;15;15;-3.402750850396735e-05;1445.0223388671875;27.055959701538086
2002-08-08-2200;-34.947269;-55.437256;15;15;-2.3537147980936426e-06;1437.656494140625;27.66593360900879
2002-08-08-2300;-35.307106;-55.343719;15;15;-1.3705121040897334e-05;1433.236572265625;28.708955764770508
2002-08-09-0000;-36.529816;-55.723267;15;15;-4.0838866809896055e-05;1423.660888671875;29.324172973632812
2002-08-09-0100;-37.394939;-56.042358;15;15;-0.00011875414726698814;1419.97705078125;29.914798736572266
2002-08-09-0200;-37.46764;-55.767242;15;15;-0.00011721681975225396;1413.347412109375;30.674774169921875
2002-08-09-0300;-37.135803;-55.168701;15;15;-9.979660520044009e-05;1405.245361328125;31.244047164916992
2002-08-09-0400;-37.143192;-54.788086;15;15;-0.00010342346009056012;1398.6156005859375;31.217491149902344
2002-08-09-0500;-36.964775;-54.198944;15;15;-0.00010934697174839068;1386.8299560546875;31.172744750976562
2002-08-09-0600;-36.984852;-53.774048;15;15;-0.00011502912740637367;1376.5164794921875;31.56674575805664
2002-08-09-0700;-37.076729;-53.353851;15;15;-0.00011474869310783035;1363.2569580078125;33.1120719909668
2002-08-09-0800;-37.158161;-52.955231;15;15;-0.000128882527915658;1355.89111328125;34.93817901611328
2002-08-09-0900;-37.380413;-52.687744;15;15;-0.0001323439084241774;1346.3153076171875;35.77748489379883
2002-08-09-1000;-37.316673;-51.965912;15;15;-0.00012579751381301397;1341.8955078125;36.89116287231445
2002-08-09-1100;-37.187889;-51.463348;15;15;-0.00017077327227957523;1336.738037109375;37.674015045166016
2002-08-09-1200;-37.121685;-51.042847;15;15;-8.891776047352946e-05;1331.58203125;39.260501861572266
2002-08-09-1300;-37.319302;-50.579712;15;15;-9.082924940581377e-05;1330.1082763671875;40.442264556884766
2002-08-09-1400;-37.571365;-50.235626;15;15;-0.00010205397718697138;1316.1126708984375;41.24171829223633
2002-08-09-1500;-37.816376;-49.862;15;15;-0.00012860699931710806;1300.6431884765625;42.38859939575195
2002-08-09-1600;-38.089119;-49.605621;15;15;-0.00014846716681513912;1278.545654296875;43.13663101196289
2002-08-09-1700;-38.313786;-49.307739;15;15;-0.00011267764376136323;1255.71044921875;43.92076110839844
2002-08-09-1800;-38.534653;-49.059204;15;15;-0.00010152751343320252;1240.240966796875;45.247440338134766
2002-08-09-1900;-38.689915;-48.701263;15;15;-0.00012365675866475811;1226.9814453125;44.41260528564453
2002-08-09-2000;-38.880222;-48.357391;15;15;-0.00016805646138218648;1217.40576171875;45.95703887939453
2002-08-09-2100;-39.205711;-48.080658;15;15;-0.00012941703189062997;1210.0382080078125;47.41767120361328
2002-08-09-2200;-39.204708;-47.621552;15;15;-6.34469586380321e-05;1212.98583984375;49.27336883544922
2002-08-09-2300;-39.441795;-47.323212;15;15;-7.047036367681625e-05;1201.1986083984375;48.56993103027344
2002-08-10-0000;-39.630817;-46.94574;15;15;-0.00010940222973559446;1193.0966796875;46.705810546875
2002-08-10-0100;-39.793682;-46.639496;15;15;-0.00014546915713486568;1186.4669189453125;45.54277420043945
2002-08-10-0200;-40.039143;-46.54715;15;15;-0.0001497833241248251;1183.5208740234375;45.23215866088867
2002-08-10-0300;-40.153172;-46.182281;15;15;-0.00014674113073423841;1179.10107421875;45.25576400756836
2002-08-10-0400;-40.408428;-46.058502;15;15;-0.00014186986846155168;1174.68115234375;44.19646453857422
2002-08-10-0500;-40.568016;-45.762909;15;15;-0.00014920657200684828;1168.78759765625;43.335174560546875
2002-08-10-0600;-40.765598;-45.467621;15;15;-0.0001445437041891917;1165.1038818359375;43.95252227783203
2002-08-10-0700;-40.988152;-45.175781;15;15;-0.00013640823580066523;1162.8939208984375;44.22983169555664
2002-08-10-0800;-41.152897;-44.89093;15;15;-0.00012828966538355405;1166.57763671875;43.107723236083984
2002-08-10-0900;-41.290264;-44.500183;15;15;-0.00013694439783791475;1171.7335205078125;41.81354522705078
2002-08-10-1000;-41.198521;-43.888123;15;15;-0.0001282974862747198;1182.783203125;41.81976318359375
2002-08-10-1100;-41.319649;-43.553864;15;15;-0.0001274047038832252;1185.730712890625;41.26774215698242
2002-08-10-1200;-41.483505;-43.192596;15;15;-0.00012620649007968746;1189.4129638671875;40.96332550048828
2002-08-10-1300;-41.691635;-42.786896;15;15;-0.00012181158061461471;1192.3604736328125;41.15170669555664
2002-08-10-1400;-41.798176;-42.42981;15;15;-0.0001368025526349017;1190.88671875;41.977516174316406
2002-08-10-1500;-41.949951;-41.990204;15;15;-0.0001305078835896446;1190.88671875;41.52504348754883
2002-08-10-1600;-42.078049;-41.515533;15;15;-0.00015161530910694343;1186.4669189453125;41.1812858581543
2002-08-10-1700;-42.211037;-41.072357;15;15;-0.00015421916573432859;1185.730712890625;40.99272918701172
2002-08-10-1800;-42.391937;-40.540985;15;15;-0.00015516849528794048;1186.4669189453125;39.842220306396484
2002-08-10-1900;-42.578907;-40.064514;15;15;-0.0001771805678027509;1190.88671875;39.39731216430664
2002-08-10-2000;-42.792534;-39.634277;15;15;-0.00017021206456141913;1195.3065185546875;39.53936767578125
2002-08-10-2100;-42.946735;-39.136963;15;15;-0.00015760842352267537;1200.4625244140625;39.41812515258789
2002-08-10-2200;-42.944618;-38.586395;15;15;-0.00015805412788145917;1210.7760009765625;38.68169403076172
2002-08-10-2300;-43.058777;-38.036926;15;15;-0.00017372642162698387;1215.931884765625;38.536041259765625
2002-08-11-0000;-43.135555;-37.386993;15;15;-0.00017130356184503554;1214.4581298828125;38.51601028442383
2002-08-11-0100;-43.317131;-36.923187;15;15;-0.00019847469097791984;1216.66796875;38.07064437866211
2002-08-11-0200;-43.532585;-36.400879;15;15;-0.0001948637152351197;1218.141845703125;37.39561462402344
2002-08-11-0300;-43.805283;-35.991425;15;15;-0.00018972141330586258;1221.087890625;37.184940338134766
2002-08-11-0400;-44.098091;-35.555908;15;15;-0.00018402226773058558;1218.141845703125;36.88560485839844
2002-08-11-0500;-44.383064;-35.096588;15;15;-0.0001436290456037567;1210.7760009765625;36.563865661621094
2002-08-11-0600;-44.62373;-34.640839;15;15;-0.00018548755308238593;1205.618408203125;36.55257797241211
2002-08-11-0700;-44.884216;-34.224548;15;15;-0.00014168141322077162;1200.4625244140625;36.812225341796875
2002-08-11-0800;-45.144405;-33.829376;15;15;-0.00014190976132450695;1195.3065185546875;37.188053131103516
2002-08-11-0900;-45.408401;-33.451904;15;15;-0.00015123255257911423;1193.832763671875;37.10676574707031
2002-08-11-1000;-45.612114;-33.221893;15;15;-0.0001844560567475144;1185.730712890625;34.25492477416992
2002-08-11-1100;-45.813652;-32.723663;15;15;-0.0001767886592597443;1184.9930419921875;33.70375442504883
2002-08-11-1200;-46.124165;-32.381775;15;15;-0.00017684765657559437;1179.837158203125;33.78421401977539
2002-08-11-1300;-46.640957;-32.503021;15;15;-0.0001331954956568102;1171.7335205078125;33.93460464477539
2002-08-11-1400;-47.411522;-33.125183;15;15;-7.68786081572632e-05;1160.685546875;33.85225296020508
