time;Lat;Lon;length;width;min_zeta_850;min_hgt_850;max_wind_850
1989-10-22-0000;-28.845196;-36.923645;15;15;-2.5000563487582964e-05;1528.964111328125;15.149162292480469
1989-10-22-0100;-28.970249;-37.151672;15;15;-3.2387678550302765e-05;1526.760498046875;15.738123893737793
1989-10-22-0200;-28.920876;-37.268677;15;15;-3.5275814662986156e-05;1523.822509765625;15.859966278076172
1989-10-22-0300;-28.984098;-37.240234;15;15;-3.923693613176758e-05;1518.680908203125;15.791208267211914
1989-10-22-0400;-29.14703;-37.360413;15;15;-4.182769205861585e-05;1515.00830078125;16.032758712768555
1989-10-22-0500;-29.413713;-37.567047;15;15;-3.87885402263804e-05;1512.0701904296875;16.16872787475586
1989-10-22-0600;-29.817091;-37.618622;15;15;-3.695118756426373e-05;1508.397705078125;16.03851890563965
1989-10-22-0700;-30.226063;-37.539825;15;15;-4.675029906646237e-05;1509.1322021484375;17.06537437438965
1989-10-22-0800;-30.52018;-37.5354;15;15;-6.13037411642803e-05;1510.6011962890625;18.42935562133789
1989-10-22-0900;-30.775908;-37.482086;15;15;-6.604750637089746e-05;1513.539306640625;19.094491958618164
1989-10-22-1000;-30.669653;-36.989624;15;15;-7.74194628392316e-05;1512.8046875;21.3835391998291
1989-10-22-1100;-30.798241;-36.827576;15;15;-8.138006105620413e-05;1517.2117919921875;21.478179931640625
1989-10-22-1200;-30.834396;-36.671265;15;15;-8.405505416309466e-05;1515.7427978515625;20.395687103271484
1989-10-22-1300;-31.00272;-36.506927;15;15;-9.251067952472759e-05;1516.477294921875;18.926279067993164
1989-10-22-1400;-31.165066;-36.28067;15;15;-8.183299938353387e-05;1513.539306640625;18.179149627685547
1989-10-22-1500;-31.317497;-36.176178;15;15;-7.621188834027807e-05;1510.6011962890625;16.168289184570312
1989-10-22-1600;-31.434906;-36.089294;15;15;-6.63697896378282e-05;1509.86669921875;14.751343727111816
1989-10-22-1700;-31.536839;-36.041382;15;15;-6.766263013528846e-05;1509.86669921875;14.371707916259766
1989-10-22-1800;-31.648823;-35.955963;15;15;-6.503552032386027e-05;1506.9285888671875;13.861422538757324
1989-10-22-1900;-31.767818;-35.922729;15;15;-6.467695060104683e-05;1509.86669921875;13.624068260192871
1989-10-22-2000;-31.804907;-35.900726;15;15;-6.629818275004449e-05;1509.86669921875;13.238834381103516
1989-10-22-2100;-31.899958;-35.878662;15;15;-7.091059870966135e-05;1507.6630859375;12.610630989074707
1989-10-22-2200;-31.984703;-35.667053;15;15;-7.065062031514281e-05;1506.194091796875;11.861289024353027
1989-10-22-2300;-32.034256;-35.64386;15;15;-6.927503339546026e-05;1507.6630859375;11.702573776245117
1989-10-23-0000;-32.093433;-35.646423;15;15;-6.70304195346452e-05;1504.72509765625;11.887167930603027
1989-10-23-0100;-32.067947;-35.656097;15;15;-6.726747536113517e-05;1503.256103515625;11.733101844787598
1989-10-23-0200;-32.078419;-35.606171;15;15;-7.260677834760261e-05;1499.58349609375;11.394821166992188
1989-10-23-0300;-32.037636;-35.526764;15;15;-7.251183477310068e-05;1495.910888671875;11.5206937789917
1989-10-23-0400;-31.96574;-35.402466;15;15;-7.108113990462927e-05;1493.7073974609375;12.173609733581543
1989-10-23-0500;-31.918324;-35.208405;15;15;-7.387966436773727e-05;1492.23828125;12.585978507995605
1989-10-23-0600;-31.822399;-34.925354;15;15;-6.930407918460386e-05;1492.23828125;12.63243293762207
1989-10-23-0700;-31.750811;-34.648621;15;15;-6.767272919646439e-05;1492.23828125;12.590425491333008
1989-10-23-0800;-31.662182;-34.259216;15;15;-5.644968037331361e-05;1496.6453857421875;12.989054679870605
1989-10-23-0900;-31.62311;-33.904083;15;15;-4.909305965033975e-05;1498.8489990234375;13.341450691223145
1989-10-23-1000;-31.601007;-33.52359;15;15;-5.0196092234750245e-05;1498.8489990234375;14.393010139465332
1989-10-23-1100;-31.524595;-33.340088;15;15;-4.6132912383990094e-05;1499.58349609375;15.14232063293457
1989-10-23-1200;-31.4587;-33.087067;15;15;-4.191675429462945e-05;1500.3179931640625;15.256293296813965
1989-10-23-1300;-31.425825;-32.777588;15;15;-4.106720175752078e-05;1498.114501953125;14.382088661193848
1989-10-23-1400;-31.376883;-32.638794;15;15;-4.253294600162463e-05;1492.23828125;13.793292045593262
1989-10-23-1500;-31.325972;-32.38736;15;15;-4.359377685937357e-05;1488.5657958984375;13.1655855178833
1989-10-23-1600;-31.208368;-32.183228;15;15;-4.4490592660271664e-05;1482.6912841796875;13.212187767028809
1989-10-23-1700;-31.04719;-32.023041;15;15;-4.0848414372547674e-05;1481.22216796875;13.195417404174805
1989-10-23-1800;-30.873602;-31.848877;15;15;-3.509331784879364e-05;1479.753173828125;13.295536041259766
1989-10-23-1900;-30.692736;-31.643127;15;15;-3.54705291888058e-05;1482.6912841796875;13.299285888671875
1989-10-23-2000;-30.517815;-31.370087;15;15;-3.0847546038133814e-05;1481.22216796875;13.34394645690918
1989-10-23-2100;-30.32123;-30.9422;15;15;-2.869709896185952e-05;1482.6912841796875;13.413159370422363
1989-10-23-2200;-30.313166;-30.614655;15;15;-2.6006989600109697e-05;1479.753173828125;13.882882118225098
1989-10-23-2300;-30.186283;-30.057526;15;15;-2.3599693023382495e-05;1480.4876708984375;13.820867538452148
1989-10-24-0000;-30.075403;-29.384491;15;15;-1.8510611308682305e-05;1474.611572265625;16.05038833618164
1989-10-24-0100;-30.073254;-28.681458;15;15;-1.1694497804322246e-05;1470.2044677734375;16.40522575378418
1989-10-24-0200;-29.994436;-28.143768;15;15;-8.187367493136485e-06;1469.469970703125;16.099416732788086
1989-10-24-0300;-29.945341;-27.717743;15;15;-6.642652111484554e-06;1462.859375;15.710006713867188
1989-10-24-0400;-29.921165;-27.168488;15;15;-6.578990513413786e-06;1456.9832763671875;15.098505973815918
1989-10-24-0500;-29.911736;-26.774963;15;15;-7.295586190980158e-06;1452.576171875;15.350722312927246
1989-10-24-0600;-29.882248;-26.177551;15;15;-9.4181623854961e-06;1449.6380615234375;15.852201461791992
1989-10-24-0700;-29.787521;-25.501434;15;15;-1.7270270403661978e-05;1448.903564453125;16.118616104125977
1989-10-24-0800;-29.787994;-24.945129;15;15;-1.7400215499953294e-05;1449.6380615234375;16.297632217407227
1989-10-24-0900;-29.754614;-24.107361;15;15;-2.396733679790991e-05;1448.1690673828125;16.478099822998047
