time;Lat;Lon;length;width;min_zeta_850;min_hgt_850;max_wind_850
1992-07-14-1100;-24.832579;-59.372925;15;15;-9.867627162202126e-05;1415.0362548828125;28.89931869506836
1992-07-14-1200;-24.294373;-59.365723;15;15;-9.278389772591411e-05;1422.480224609375;28.766582489013672
1992-07-14-1300;-24.650101;-59.039307;15;15;-9.600702236839188e-05;1420.9920654296875;29.939632415771484
1992-07-14-1400;-24.654627;-58.826385;15;15;-9.651784554691863e-05;1422.480224609375;29.88018035888672
1992-07-14-1500;-24.396227;-58.731598;15;15;-0.00010046208572613526;1422.480224609375;29.526710510253906
1992-07-14-1600;-24.508425;-58.499664;15;15;-0.0001030009507477131;1414.2906494140625;28.800975799560547
1992-07-14-1700;-24.593918;-58.217865;15;15;-0.00010533895047875134;1406.1025390625;27.030515670776367
1992-07-14-1800;-24.552692;-57.9841;15;15;-0.00010471067892714482;1402.380615234375;24.912940979003906
1992-07-14-1900;-24.159452;-57.965637;15;15;-0.00010328430145245475;1386.00146484375;22.898990631103516
1992-07-14-2000;-23.979141;-57.894897;15;15;-0.00010159448464243263;1380.7913818359375;20.705781936645508
1992-07-14-2100;-23.781261;-57.746216;15;15;-9.494842529805376e-05;1423.2242431640625;19.834583282470703
1992-07-14-2200;-23.346542;-57.715668;15;15;-9.056375173232048e-05;1426.2021484375;19.58924102783203
1992-07-14-2300;-23.128586;-57.622772;15;15;-8.848651315542075e-05;1435.1358642578125;20.666889190673828
1992-07-15-0000;-22.939972;-57.532196;15;15;-7.990666484707152e-05;1444.8135986328125;21.85906219482422
1992-07-15-0100;-22.685961;-57.527893;15;15;-7.625460716784899e-05;1447.79150390625;22.710996627807617
1992-07-15-0200;-22.352821;-57.541687;15;15;-7.578206718828383e-05;1450.7694091796875;22.957677841186523
1992-07-15-0300;-22.189148;-57.429138;15;15;-7.549056437815711e-05;1453.003173828125;23.038780212402344
1992-07-15-0400;-21.940357;-57.368713;15;15;-7.021557465134001e-05;1455.9810791015625;22.789186477661133
1992-07-15-0500;-21.582764;-57.425354;15;15;-7.888639800890703e-05;1459.7030029296875;22.710020065307617
1992-07-15-0600;-21.631212;-57.152618;15;15;-8.205639876572311e-05;1456.72509765625;22.40044593811035
1992-07-15-0700;-21.571314;-56.97818;15;15;-7.801002274200018e-05;1458.21484375;22.0023250579834
1992-07-15-0800;-21.564255;-56.749054;15;15;-7.703175697384763e-05;1455.2369384765625;21.560766220092773
1992-07-15-0900;-21.516392;-56.62793;15;15;-7.938723985705833e-05;1452.259033203125;21.25013542175293
1992-07-15-1000;-21.473307;-56.440521;15;15;-7.392521189604152e-05;1463.4249267578125;21.51378631591797
1992-07-15-1100;-21.582394;-56.279541;15;15;-6.194345144939023e-05;1462.680908203125;20.34596061706543
1992-07-15-1200;-21.474997;-56.396606;15;15;-6.906020178040756e-05;1474.592529296875;19.33241081237793
1992-07-15-1300;-21.512877;-56.416077;15;15;-7.444701717795448e-05;1474.592529296875;18.233184814453125
1992-07-15-1400;-21.67864;-56.322357;15;15;-8.46209196017114e-05;1476.8262939453125;17.408721923828125
1992-07-15-1500;-22.283026;-55.831177;15;15;-9.019567691838623e-05;1465.6588134765625;17.65891456604004
1992-07-15-1600;-23.400654;-54.832825;15;15;-3.967868501292103e-05;1450.7694091796875;18.402664184570312
1992-07-15-1700;-23.846214;-54.545105;15;15;-3.4247548290078405e-05;1442.581298828125;18.40774917602539
1992-07-15-1800;-23.945818;-54.57428;15;15;-1.9781883711935937e-05;1449.28125;17.55881690979004
1992-07-15-1900;-23.80843;-54.681122;15;15;-2.4885125695823748e-05;1453.003173828125;16.82938575744629
1992-07-15-2000;-23.745028;-54.713104;15;15;-1.5697579233431136e-05;1463.4249267578125;16.238069534301758
1992-07-15-2100;-23.63323;-54.795898;15;15;-1.0551587508371265e-05;1470.1248779296875;15.68665885925293
1992-07-15-2200;-23.41564;-55.045074;15;15;-1.7679949154921544e-05;1480.5482177734375;15.298450469970703
1992-07-15-2300;-23.329504;-55.206085;15;15;-2.6189473833394463e-05;1482.7821044921875;14.989270210266113
1992-07-16-0000;-23.286448;-55.269379;15;15;-3.079737795338272e-05;1490.2259521484375;14.975912094116211
1992-07-16-0100;-23.270086;-55.307587;15;15;-3.177025311972323e-05;1496.9259033203125;15.308262825012207
1992-07-16-0200;-23.239811;-55.379578;15;15;-2.142426758929648e-05;1498.4156494140625;15.294696807861328
1992-07-16-0300;-23.393211;-55.338165;15;15;-2.393791166418541e-05;1499.9036865234375;15.249582290649414
1992-07-16-0400;-23.513226;-55.27475;15;15;-2.96201252232389e-05;1498.4156494140625;14.683720588684082
1992-07-16-0500;-23.663584;-55.266022;15;15;-3.039720548695082e-05;1499.15966796875;14.332741737365723
1992-07-16-0600;-23.781096;-55.245056;15;15;-2.8612858736090232e-05;1496.1817626953125;14.024764060974121
1992-07-16-0700;-23.951468;-55.193726;15;15;-2.803015923665612e-05;1498.4156494140625;14.400350570678711
1992-07-16-0800;-24.094088;-55.032959;15;15;-3.938601048947694e-05;1499.15966796875;14.952428817749023
1992-07-16-0900;-24.204683;-54.892914;15;15;-3.5908689405222744e-05;1501.3934326171875;14.142402648925781
1992-07-16-1000;-24.401812;-54.610718;15;15;-3.5352623761758373e-05;1501.3934326171875;13.220331192016602
1992-07-16-1100;-24.53483;-54.623688;15;15;-3.6929824253418006e-05;1508.0933837890625;12.351408004760742
1992-07-16-1200;-24.657965;-54.659637;15;15;-3.179273958279561e-05;1516.2813720703125;12.250626564025879
1992-07-16-1300;-24.751621;-54.683868;15;15;-3.4215550652971134e-05;1519.25927734375;12.237813949584961
1992-07-16-1400;-24.78735;-54.720795;15;15;-3.543632008132271e-05;1522.9827880859375;11.967148780822754
1992-07-16-1500;-24.813637;-54.771759;15;15;-3.347418998150567e-05;1518.51513671875;11.317012786865234
1992-07-16-1600;-24.844954;-54.832458;15;15;-3.1652535471536504e-05;1516.2813720703125;11.355548858642578
1992-07-16-1700;-24.887451;-54.817841;15;15;-2.7169824971057644e-05;1514.049072265625;11.04246997833252
1992-07-16-1800;-24.952284;-54.801575;15;15;-2.086306874618098e-05;1516.2813720703125;10.331794738769531
1992-07-16-1900;-24.951897;-54.655548;15;15;-1.4312229470350166e-05;1513.303466796875;9.807965278625488
1992-07-16-2000;-24.976715;-54.629272;15;15;-9.58518428876308e-06;1510.3255615234375;9.773466110229492
1992-07-16-2100;-24.975386;-54.767273;15;15;-8.126132817078494e-06;1508.83740234375;10.124951362609863
1992-07-16-2200;-24.865269;-54.83252;15;15;-1.3743344442962007e-05;1512.559326171875;10.864530563354492
1992-07-16-2300;-24.847849;-55.136261;15;15;-1.4802409999331655e-05;1516.2813720703125;11.674299240112305
1992-07-17-0000;-24.846636;-55.551208;15;15;-1.628967973776379e-05;1517.7711181640625;11.747432708740234
1992-07-17-0100;-24.874815;-56.077911;15;15;-1.9232360215603464e-05;1523.726806640625;11.398191452026367
1992-07-17-0200;-24.96586;-56.450195;15;15;-2.5181856892679315e-05;1524.470947265625;11.162463188171387
1992-07-17-0300;-25.058687;-56.792725;15;15;-2.5502512597078967e-05;1528.93701171875;10.711014747619629
1992-07-17-0400;-25.200495;-56.928101;15;15;-3.0979024806338776e-05;1527.4488525390625;10.788888931274414
1992-07-17-0500;-25.367325;-56.957794;15;15;-3.1137106909251177e-05;1525.9591064453125;10.773497581481934
1992-07-17-0600;-25.445316;-57.05304;15;15;-3.074505069129207e-05;1514.049072265625;11.056270599365234
1992-07-17-0700;-25.543512;-57.122711;15;15;-3.1865060651874765e-05;1506.6036376953125;11.399370193481445
1992-07-17-0800;-25.612118;-57.198151;15;15;-3.232875279031201e-05;1500.6478271484375;11.932905197143555
1992-07-17-0900;-25.657116;-57.296448;15;15;-3.425978582469025e-05;1486.5040283203125;12.239035606384277
1992-07-17-1000;-25.828085;-57.204315;15;15;-3.731417849198658e-05;1496.1817626953125;12.775607109069824
1992-07-17-1100;-25.80175;-57.306824;15;15;-3.2781960603450364e-05;1485.0142822265625;12.806979179382324
1992-07-17-1200;-25.630383;-57.477844;15;15;-2.772948294278064e-05;1494.6920166015625;13.161358833312988
1992-07-17-1300;-25.575411;-57.542114;15;15;-2.5593751086834858e-05;1484.270263671875;13.863414764404297
1992-07-17-1400;-25.686342;-57.423309;15;15;-2.9270126796855756e-05;1502.1375732421875;14.417964935302734
1992-07-17-1500;-25.776192;-57.35025;15;15;-2.907467861253284e-05;1488.7362060546875;14.556825637817383
1992-07-17-1600;-25.611971;-57.489746;15;15;-2.4411993520681673e-05;1470.8704833984375;14.295832633972168
1992-07-17-1700;-25.756493;-57.418121;15;15;-3.095200991262174e-05;1456.72509765625;13.834138870239258
1992-07-17-1800;-25.743763;-57.324341;15;15;-2.7742170099707973e-05;1435.1358642578125;13.802176475524902
1992-07-17-1900;-25.842567;-57.396729;15;15;-2.9471863802472323e-05;1429.1800537109375;14.072961807250977
1992-07-17-2000;-26.093931;-57.310913;15;15;-3.3110946831799216e-05;1434.3917236328125;14.684779167175293
1992-07-17-2100;-26.169968;-57.288239;15;15;-3.917035824318726e-05;1445.5592041015625;15.46320915222168
1992-07-17-2200;-26.54813;-57.15097;15;15;-4.78560987643959e-05;1491.714111328125;14.910713195800781
1992-07-17-2300;-26.460297;-57.078766;15;15;-4.713194886229812e-05;1499.15966796875;14.968771934509277
1992-07-18-0000;-26.257198;-57.03064;15;15;-4.264253356391915e-05;1510.3255615234375;14.86505126953125
1992-07-18-0100;-26.097595;-56.965088;15;15;-3.785959449529314e-05;1515.5372314453125;14.689501762390137
1992-07-18-0200;-26.103462;-56.87207;15;15;-3.851153213883986e-05;1514.793212890625;15.569650650024414
1992-07-18-0300;-26.22591;-56.717865;15;15;-3.3991638504892256e-05;1513.303466796875;16.9865665435791
1992-07-18-0400;-26.404997;-56.561462;15;15;-3.121414688915548e-05;1511.8153076171875;17.657609939575195
1992-07-18-0500;-26.538689;-56.464111;15;15;-2.8017363549853243e-05;1506.6036376953125;18.23906135559082
1992-07-18-0600;-26.777897;-56.311249;15;15;-3.000021792588423e-05;1499.15966796875;18.138221740722656
1992-07-18-0700;-27.159523;-56.078033;15;15;-3.0020178655256862e-05;1492.4598388671875;18.074302673339844
1992-07-18-0800;-27.704071;-55.771606;15;15;-2.3831618793987627e-05;1490.2259521484375;17.620187759399414
1992-07-18-0900;-28.42732;-55.39212;15;15;-3.2103358679779936e-05;1489.48193359375;18.384456634521484
1992-07-18-1000;-30.420855;-55.28656;15;15;-0.00010438589825346197;1476.8262939453125;21.603038787841797
1992-07-18-1100;-30.622931;-54.898438;15;15;-0.00010594022600209641;1481.2923583984375;23.149385452270508
1992-07-18-1200;-30.87528;-54.620758;15;15;-0.00010435874064550114;1476.8262939453125;24.11360740661621
1992-07-18-1300;-31.110472;-54.290771;15;15;-9.191509581366647e-05;1474.592529296875;24.889734268188477
1992-07-18-1400;-31.332054;-53.857056;15;15;-6.470749456463527e-05;1467.892578125;26.700342178344727
1992-07-18-1500;-31.56407;-53.442871;15;15;-6.175677171315702e-05;1456.72509765625;28.03725242614746
1992-07-18-1600;-31.824263;-52.919861;15;15;-6.907234045554854e-05;1438.8577880859375;28.906972885131836
1992-07-18-1700;-32.246212;-52.420868;15;15;-8.1818610291025e-05;1425.4581298828125;29.104589462280273
1992-07-18-1800;-32.568012;-52.044525;15;15;-7.963400323447745e-05;1413.5465087890625;29.124311447143555
1992-07-18-1900;-33.012314;-51.647644;15;15;-9.067972770610329e-05;1399.4027099609375;30.95149803161621
1992-07-18-2000;-33.51561;-51.351227;15;15;-0.00012714511775586333;1383.0235595703125;32.289329528808594
1992-07-18-2100;-33.867802;-51.105438;15;15;-0.00014371700084162329;1373.3458251953125;34.35406494140625
1992-07-18-2200;-34.199959;-50.797455;15;15;-0.00022763135964647049;1351.012451171875;36.8535270690918
1992-07-18-2300;-34.512783;-50.591003;15;15;-0.0002111783240083571;1339.844970703125;36.21047592163086
1992-07-19-0000;-34.762695;-50.206238;15;15;-0.0001965172250941273;1328.6790771484375;36.24843215942383
1992-07-19-0100;-35.078461;-50.120148;15;15;-0.00018560406953922675;1318.255615234375;37.35401916503906
1992-07-19-0200;-35.361763;-49.582123;15;15;-0.00014252813366107714;1304.11181640625;39.03968811035156
1992-07-19-0300;-35.643398;-49.395233;15;15;-0.0001556395698034797;1292.2003173828125;39.95565414428711
1992-07-19-0400;-36.164936;-49.359375;15;15;-0.00014254204448215877;1281.0328369140625;39.115692138671875
1992-07-19-0500;-36.45713;-49.07486;15;15;-0.00013638429433336722;1269.866943359375;40.0252685546875
1992-07-19-0600;-36.815758;-48.801758;15;15;-0.00014609140151548294;1255.7215576171875;40.49933624267578
1992-07-19-0700;-37.138355;-48.55722;15;15;-0.00014261623706574283;1241.5777587890625;41.015281677246094
1992-07-19-0800;-37.607407;-48.592407;15;15;-0.00018363532578118716;1227.432373046875;43.845542907714844
1992-07-19-0900;-37.946758;-48.299866;15;15;-0.0001733593368534172;1215.5208740234375;45.3194580078125
1992-07-19-1000;-38.362671;-48.198914;15;15;-0.00022272648016715871;1184.2537841796875;45.436073303222656
1992-07-19-1100;-38.665691;-47.821533;15;15;-0.00018518412317128198;1182.02001953125;46.389949798583984
1992-07-19-1200;-39.011997;-47.486694;15;15;-0.00021257926450637008;1172.3421630859375;46.734188079833984
1992-07-19-1300;-39.40802;-47.126373;15;15;-0.0001811509772188173;1164.8983154296875;46.455135345458984
1992-07-19-1400;-39.706627;-46.827789;15;15;-0.00017967763266912246;1155.2205810546875;46.622589111328125
1992-07-19-1500;-39.98185;-46.352966;15;15;-0.0001771192596835663;1143.3089599609375;45.81539535522461
1992-07-19-1600;-40.259407;-46.038116;15;15;-0.00017869858868275096;1129.9093017578125;45.46197509765625
1992-07-19-1700;-40.512531;-45.658936;15;15;-0.0002019083376338456;1123.2078857421875;44.272865295410156
1992-07-19-1800;-40.770901;-45.292358;15;15;-0.0002061434249125703;1117.2520751953125;43.365840911865234
1992-07-19-1900;-41.065174;-44.872437;15;15;-0.00022187533451030044;1110.55224609375;42.57717514038086
1992-07-19-2000;-41.344101;-44.522888;15;15;-0.00024129904412615368;1109.80810546875;41.20954132080078
1992-07-19-2100;-41.675869;-44.088928;15;15;-0.00030051269221054606;1108.3199462890625;40.0174560546875
1992-07-19-2200;-41.911438;-43.736938;15;15;-0.00030805773621347314;1095.6627197265625;40.052093505859375
1992-07-19-2300;-42.180569;-43.383972;15;15;-0.0002860642137705875;1088.962890625;38.000892639160156
1992-07-20-0000;-42.424431;-42.95816;15;15;-0.00026356742974595435;1089.7086181640625;37.98267364501953
1992-07-20-0100;-42.629368;-42.541443;15;15;-0.00026248907962591505;1085.240966796875;38.984249114990234
1992-07-20-0200;-42.767193;-42.126892;15;15;-0.00028018335917777426;1080.0291748046875;38.806636810302734
1992-07-20-0300;-42.948383;-41.682465;15;15;-0.0002809273730784462;1080.77490234375;37.94285583496094
1992-07-20-0400;-43.080578;-41.223724;15;15;-0.00027694726357850976;1079.28515625;37.959869384765625
1992-07-20-0500;-43.279957;-40.754517;15;15;-0.0002590228591191732;1076.3072509765625;38.48143768310547
1992-07-20-0600;-43.436596;-40.275452;15;15;-0.00024904516364147655;1074.073486328125;39.32624053955078
1992-07-20-0700;-43.631226;-39.772064;15;15;-0.00023921850744462085;1071.09716796875;38.8961067199707
1992-07-20-0800;-43.80645;-39.253662;15;15;-0.0002375249641678726;1071.8411865234375;38.29684066772461
1992-07-20-0900;-43.953995;-38.783325;15;15;-0.00021633951150805641;1073.329345703125;37.67897033691406
1992-07-20-1000;-44.234032;-38.397278;15;15;-0.00018517691187552594;1079.28515625;37.66099166870117
1992-07-20-1100;-44.419807;-37.844452;15;15;-0.00014783051374070682;1081.5189208984375;37.120948791503906
1992-07-20-1200;-44.645611;-37.290161;15;15;-0.0001450220736699874;1086.730712890625;37.86984634399414
1992-07-20-1300;-44.91581;-36.776367;15;15;-0.00014423487830679443;1085.9849853515625;38.220558166503906
1992-07-20-1400;-45.135014;-36.267914;15;15;-0.00015121123373860323;1083.007080078125;38.12117385864258
1992-07-20-1500;-45.349037;-35.81601;15;15;-0.0001748963682079989;1077.7969970703125;39.01348114013672
1992-07-20-1600;-45.534691;-35.319183;15;15;-0.00017617491902240147;1073.329345703125;39.79447937011719
1992-07-20-1700;-45.687569;-34.846893;15;15;-0.0001793268776486495;1072.5853271484375;40.58380889892578
1992-07-20-1800;-45.829472;-34.407837;15;15;-0.00019983605525076965;1073.329345703125;41.27068328857422
1992-07-20-1900;-46.006565;-33.937592;15;15;-0.00020229482010893063;1073.329345703125;42.333351135253906
1992-07-20-2000;-46.144077;-33.42807;15;15;-0.000195156678842381;1074.073486328125;43.42304992675781
1992-07-20-2100;-46.254669;-32.907867;15;15;-0.00021576448802564213;1074.073486328125;43.67612838745117
1992-07-20-2200;-46.34478;-32.159515;15;15;-0.00021890674397810725;1079.28515625;44.452964782714844
1992-07-20-2300;-46.390476;-31.580658;15;15;-0.0001936280045849186;1080.77490234375;45.519073486328125
1992-07-21-0000;-46.473114;-30.990021;15;15;-0.00019346532898332583;1082.2630615234375;45.75825119018555
1992-07-21-0100;-46.562542;-30.411133;15;15;-0.00018864895879946943;1078.541015625;45.36845016479492
1992-07-21-0200;-46.758419;-29.783325;15;15;-0.0001777318361956299;1081.5189208984375;45.313987731933594
1992-07-21-0300;-46.877621;-29.131226;15;15;-0.00016330711979251278;1080.77490234375;46.32585144042969
1992-07-21-0400;-47.058899;-28.422791;15;15;-0.00016112925258507347;1080.77490234375;47.1240119934082
1992-07-21-0500;-47.171879;-27.644348;15;15;-0.00014723139378560712;1081.5189208984375;46.549739837646484
1992-07-21-0600;-47.299454;-26.846619;15;15;-0.00014058990765007532;1077.0513916015625;46.59833526611328
1992-07-21-0700;-47.494038;-26.025085;15;15;-0.00013106545660632602;1073.329345703125;45.53599548339844
1992-07-21-0800;-47.620705;-25.21933;15;15;-0.00013240437837759453;1068.86328125;44.509117126464844
1992-07-21-0900;-47.762226;-24.443939;15;15;-0.0001279392859069597;1065.141357421875;45.093849182128906
1992-07-21-1000;-47.827457;-23.596893;15;15;-0.0001125246815247493;1062.1634521484375;43.53205871582031
1992-07-21-1100;-47.96711;-22.835571;15;15;-0.00010349649725637345;1060.6737060546875;43.1783447265625
1992-07-21-1200;-48.173798;-22.066284;15;15;-9.478505958125578e-05;1057.69580078125;42.37255096435547
1992-07-21-1300;-48.391956;-21.298737;15;15;-8.428690497164161e-05;1054.7178955078125;41.50358200073242
1992-07-21-1400;-48.586449;-20.5383;15;15;-7.964883006503765e-05;1050.9959716796875;40.727989196777344
1992-07-21-1500;-48.820927;-19.761475;15;15;-7.39029304122751e-05;1048.01806640625;39.994144439697266
1992-07-21-1600;-49.089539;-18.990143;15;15;-6.784251677872263e-05;1046.5299072265625;39.22964859008789
1992-07-21-1700;-49.316837;-18.169128;15;15;-6.316421104660885e-05;1045.7843017578125;39.47599792480469
1992-07-21-1800;-49.552269;-17.352081;15;15;-6.17365595355896e-05;1045.7843017578125;39.199546813964844
1992-07-21-1900;-49.762333;-16.529877;15;15;-5.589315883205317e-05;1045.0401611328125;38.66314697265625
1992-07-21-2000;-49.961353;-15.714691;15;15;-4.8305045678688506e-05;1042.806396484375;38.1400260925293
1992-07-21-2100;-50.171356;-14.950226;15;15;-4.276739554212331e-05;1043.552001953125;38.11417007446289
1992-07-21-2200;-51.044407;-13.975128;15;15;-5.4935640210558546e-05;1039.08447265625;37.24452590942383
1992-07-21-2300;-51.415367;-13.385651;15;15;-6.880316265086867e-05;1037.5963134765625;36.786800384521484
1992-07-22-0000;-51.854549;-12.86676;15;15;-6.598454577975374e-05;1036.8505859375;36.43524169921875
1992-07-22-0100;-52.286652;-12.422668;15;15;-6.263350903226113e-05;1037.5963134765625;35.56231689453125
1992-07-22-0200;-52.642803;-11.854218;15;15;-9.088279572861256e-05;1034.618408203125;35.32933044433594
1992-07-22-0300;-52.871227;-11.196716;15;15;-6.646842030027161e-05;1033.8726806640625;35.0867919921875
1992-07-22-0400;-53.017052;-10.385437;15;15;-7.32685060306368e-05;1033.128662109375;34.27457046508789
1992-07-22-0500;-53.132599;-9.526306;15;15;-9.577676102798065e-05;1030.1507568359375;34.58526611328125
1992-07-22-0600;-53.210468;-8.551392;15;15;-8.03349926498966e-05;1029.40673828125;34.72106170654297
1992-07-22-0700;-53.271832;-7.522064;15;15;-7.680706548705981e-05;1027.1728515625;34.819671630859375
1992-07-22-0800;-53.36655;-6.530426;15;15;-8.371130355845086e-05;1025.6846923828125;34.83517837524414
1992-07-22-0900;-53.466938;-5.49881;15;15;-9.27132297764129e-05;1026.4288330078125;34.608238220214844
1992-07-22-1000;-53.878338;-6.069092;15;15;-9.34116313445726e-05;1034.618408203125;33.708824157714844
1992-07-22-1100;-53.982533;-4.796783;15;15;-9.484928941936972e-05;1033.8726806640625;33.5018310546875
1992-07-22-1200;-54.087559;-3.500122;15;15;-9.423489120630514e-05;1031.6405029296875;33.4191780090332
1992-07-22-1300;-54.200279;-2.387299;15;15;-9.460713601523408e-05;1026.4288330078125;33.59611511230469
1992-07-22-1400;-54.321709;-1.223175;15;15;-7.990223318705007e-05;1023.450927734375;33.63753890991211
1992-07-22-1500;-54.456654;-0.149414;15;15;-7.610376322301433e-05;1021.9627685546875;33.40076446533203
1992-07-22-1600;-54.595734;0.876841;15;15;-5.8114810618846895e-05;1018.2391967773438;32.777305603027344
1992-07-22-1700;-54.735214;1.856683;15;15;-6.199185323421964e-05;1018.2391967773438;32.38698959350586
1992-07-22-1800;-54.890884;2.884827;15;15;-6.841235148371488e-05;1016.0069580078125;31.916234970092773
1992-07-22-1900;-55.026493;3.85006;15;15;-5.832194190367714e-05;1015.2612915039062;31.888912200927734
1992-07-22-2000;-55.193573;4.827232;15;15;-7.35582517381173e-05;1014.5172119140625;32.10302734375
1992-07-22-2100;-55.365643;5.808217;15;15;-6.170054856037175e-05;1013.0291137695312;32.16667175292969
1992-07-22-2200;-55.36853;5.59556;15;15;-2.1921638673890777e-05;1018.2391967773438;32.281497955322266
1992-07-22-2300;-55.605103;6.491847;15;15;-2.856361363676384e-05;1013.0291137695312;32.73548889160156
1992-07-23-0000;-55.855118;7.421805;15;15;-3.4196201638188476e-05;1013.7731323242188;32.143714904785156
1992-07-23-0100;-56.106731;8.463629;15;15;-4.112327927074928e-05;1013.0291137695312;31.115894317626953
1992-07-23-0200;-56.346012;9.392954;15;15;-5.49939981186672e-05;1008.5614624023438;30.624359130859375
1992-07-23-0300;-56.56126;10.417962;15;15;-7.51767972299482e-05;999.6278076171875;30.297853469848633
1992-07-23-0400;-56.776272;11.656011;15;15;-9.81266943532355e-05;995.1617431640625;29.8206844329834
1992-07-23-0500;-56.997265;13.047936;15;15;-0.00011546618697011977;991.4397583007812;31.733766555786133
1992-07-23-0600;-57.223358;14.547087;15;15;-0.00012445411321870557;985.4840087890625;32.68745803833008
1992-07-23-0700;-57.414707;16.191235;15;15;-0.0001200178060874637;981.016357421875;33.83772659301758
1992-07-23-0800;-57.626305;17.714668;15;15;-0.00010876245321603253;976.5503540039062;34.36772155761719
1992-07-23-0900;-57.897278;19.204206;15;15;-9.454822491254593e-05;973.5724487304688;34.47167205810547
1992-07-23-1000;-58.04435;18.201126;15;15;-0.00011236632324390192;965.3828735351562;38.052207946777344
