time;Lat;Lon;length;width;min_zeta_850;min_hgt_850;max_wind_850
2010-10-23-1700;-26.603113;-48.091522;15;15;-3.406500100861206e-05;1452.724365234375;16.554210662841797
2010-10-23-1800;-26.798328;-47.385986;15;15;-3.200243721530469e-05;1447.5811767578125;16.437551498413086
2010-10-23-1900;-26.775021;-46.82785;15;15;-6.0508473071316255e-05;1446.8450927734375;15.873783111572266
2010-10-23-2000;-26.61063;-46.254639;15;15;-0.00011648818047027063;1445.3759765625;15.611220359802246
2010-10-23-2100;-26.457123;-45.373505;15;15;-0.00015959609458683264;1451.25537109375;15.45350170135498
2010-10-23-2200;-26.984951;-45.073059;15;15;-1.530694917785116e-05;1446.1104736328125;16.595489501953125
2010-10-23-2300;-26.6614;-44.599396;15;15;-9.501826030773117e-05;1449.78466796875;16.406816482543945
2010-10-24-0000;-26.356678;-44.222534;15;15;-0.00014437163949497628;1458.6036376953125;16.300247192382812
2010-10-24-0100;-26.064613;-43.797028;15;15;-0.00013868073112621357;1460.0726318359375;15.77675724029541
2010-10-24-0200;-25.933733;-43.46344;15;15;-0.00013295249475562255;1465.2174072265625;15.196121215820312
2010-10-24-0300;-25.838064;-43.07962;15;15;-0.00010918883531309614;1460.0726318359375;14.075178146362305
2010-10-24-0400;-25.794228;-42.846558;15;15;-9.838323743739071e-05;1459.338134765625;13.080698013305664
2010-10-24-0500;-25.814856;-42.661926;15;15;-8.50485755354102e-05;1454.929443359375;12.812444686889648
2010-10-24-0600;-25.983051;-42.381866;15;15;-8.656877306878935e-05;1451.25537109375;13.983781814575195
2010-10-24-0700;-26.020172;-42.194763;15;15;-7.820163900530466e-05;1449.78466796875;14.58129596710205
2010-10-24-0800;-26.047924;-42.006805;15;15;-7.435893584472182e-05;1451.25537109375;15.034218788146973
2010-10-24-0900;-26.096209;-41.812714;15;15;-6.537262275624335e-05;1457.133056640625;14.317992210388184
2010-10-24-1000;-26.677061;-41.234253;15;15;-9.961831795344956e-05;1463.0123291015625;14.469202995300293
2010-10-24-1100;-26.704094;-40.928467;15;15;-9.75067707031271e-05;1466.6865234375;15.100187301635742
2010-10-24-1200;-26.724268;-40.674652;15;15;-0.00011225526371556538;1469.6260986328125;15.096698760986328
2010-10-24-1300;-26.769268;-40.397064;15;15;-0.00010616078553599401;1467.422607421875;15.028873443603516
2010-10-24-1400;-26.764122;-40.191498;15;15;-9.886632784906232e-05;1465.9520263671875;15.210845947265625
2010-10-24-1500;-26.715038;-39.892639;15;15;-9.319870387957759e-05;1463.746826171875;15.226105690002441
2010-10-24-1600;-26.656834;-39.755005;15;15;-9.763114423409055e-05;1461.5433349609375;15.337687492370605
2010-10-24-1700;-26.655598;-39.563934;15;15;-0.00010277211240716212;1457.133056640625;15.607491493225098
2010-10-24-1800;-26.681461;-39.339355;15;15;-9.564788551075663e-05;1460.0726318359375;16.451717376708984
2010-10-24-1900;-26.667616;-39.140778;15;15;-9.988722523780256e-05;1455.6639404296875;17.208404541015625
2010-10-24-2000;-26.737619;-38.953156;15;15;-9.931961676165321e-05;1458.6036376953125;17.460540771484375
2010-10-24-2100;-26.760065;-38.788818;15;15;-0.00010135230442756625;1458.6036376953125;17.86750030517578
2010-10-24-2200;-27.0481;-37.981171;15;15;-9.989422198562255e-05;1457.133056640625;17.139596939086914
2010-10-24-2300;-27.156591;-37.681396;15;15;-6.539206341158569e-05;1459.338134765625;18.288593292236328
2010-10-25-0000;-27.271564;-37.449402;15;15;-4.879314914351517e-05;1460.8087158203125;18.26920509338379
2010-10-25-0100;-27.265594;-37.197479;15;15;-3.2413955271680995e-05;1455.6639404296875;17.386396408081055
2010-10-25-0200;-27.237253;-36.978424;15;15;-1.451260913879307e-05;1458.6036376953125;17.189258575439453
2010-10-25-0300;-27.258715;-36.760986;15;15;-2.4152952317581645e-06;1457.869140625;16.86349105834961
2010-10-25-0400;-27.32346;-36.499023;15;15;-2.655229776410214e-06;1454.929443359375;16.1783390045166
2010-10-25-0500;-27.345182;-36.184082;15;15;-4.179433435490355e-06;1447.5811767578125;16.163782119750977
2010-10-25-0600;-27.408831;-35.947449;15;15;2.217414962181399e-06;1446.8450927734375;16.281394958496094
2010-10-25-0700;-27.541536;-35.631042;15;15;1.591114701946712e-06;1446.1104736328125;15.921586036682129
2010-10-25-0800;-27.630535;-35.250336;15;15;-8.581589405849468e-06;1449.78466796875;15.16495132446289
2010-10-25-0900;-27.795483;-34.825745;15;15;-8.37231852796063e-06;1451.25537109375;14.312374114990234
2010-10-25-1000;-27.585327;-33.864044;15;15;1.2624628849014902e-05;1460.0726318359375;13.013591766357422
2010-10-25-1100;-27.826748;-33.438751;15;15;1.3118039638066211e-05;1462.27783203125;15.993391990661621
2010-10-25-1200;-27.877441;-33.30368;15;15;8.770370928817215e-06;1464.48291015625;18.725975036621094
2010-10-25-1300;-28.107281;-32.918579;15;15;9.16131084346245e-06;1462.27783203125;19.05338478088379
2010-10-25-1400;-28.240864;-32.562439;15;15;1.074825537764966e-06;1465.2174072265625;19.43531608581543
2010-10-25-1500;-28.285585;-32.423492;15;15;-8.27263874809778e-07;1462.27783203125;19.097566604614258
2010-10-25-1600;-28.513237;-32.112091;15;15;4.113184746495271e-06;1459.338134765625;17.9871883392334
2010-10-25-1700;-28.510616;-31.972687;15;15;5.048884170168333e-06;1457.133056640625;16.948486328125
2010-10-25-1800;-28.446976;-31.867798;15;15;3.062109741422386e-06;1454.929443359375;17.882492065429688
2010-10-25-1900;-28.498877;-31.725067;15;15;1.1708136071849604e-06;1454.929443359375;18.56494140625
2010-10-25-2000;-28.641361;-31.479431;15;15;9.53346494871314e-06;1458.6036376953125;19.059497833251953
2010-10-25-2100;-28.374134;-31.821289;15;15;-6.257348095018975e-06;1455.6639404296875;15.0565185546875
2010-10-25-2200;-28.6523;-30.390961;15;15;-5.71592498584574e-06;1466.6865234375;16.021671295166016
2010-10-25-2300;-28.563644;-30.65744;15;15;-1.4183272961581602e-05;1463.746826171875;14.834818840026855
2010-10-26-0000;-28.642382;-30.672241;15;15;-8.24423669167574e-06;1463.0123291015625;13.90943717956543
2010-10-26-0100;-28.587297;-30.756134;15;15;-1.0552692969423834e-05;1456.3985595703125;13.066025733947754
2010-10-26-0200;-28.53686;-31.032684;15;15;-4.580311367166362e-06;1452.724365234375;11.880630493164062
2010-10-26-0300;-28.461222;-31.511963;15;15;3.0465872660994683e-06;1443.906982421875;12.613208770751953
2010-10-26-0400;-28.43503;-32.040131;15;15;5.827529572788394e-06;1441.701904296875;13.717049598693848
2010-10-26-0500;-28.483608;-32.407959;15;15;2.5344243202051623e-06;1432.8829345703125;12.706991195678711
2010-10-26-0600;-28.606003;-32.700836;15;15;-4.584627826328142e-07;1429.208740234375;12.301629066467285
2010-10-26-0700;-28.884333;-32.831146;15;15;-3.8622244314764885e-06;1424.800048828125;12.297009468078613
2010-10-26-0800;-29.286131;-32.789703;15;15;-4.549307649723432e-06;1423.3310546875;12.340485572814941
2010-10-26-0900;-29.577183;-32.809052;15;15;-7.128308726358327e-06;1424.800048828125;12.836912155151367
2010-10-26-1000;-29.865786;-32.470612;15;15;-2.039426783895124e-06;1424.800048828125;13.100953102111816
2010-10-26-1100;-30.117493;-32.30838;15;15;-6.4255062760919565e-06;1424.0655517578125;13.28876781463623
2010-10-26-1200;-30.3141;-32.104797;15;15;-1.0641239747306126e-05;1423.3310546875;14.062127113342285
2010-10-26-1300;-30.480701;-31.690918;15;15;-1.1873254394570213e-05;1422.594970703125;14.586366653442383
2010-10-26-1400;-30.660118;-31.438965;15;15;-1.2548012523575192e-05;1422.594970703125;14.551948547363281
2010-10-26-1500;-30.661953;-31.246185;15;15;-1.418402952145509e-05;1417.45166015625;14.179405212402344
2010-10-26-1600;-30.659161;-30.805542;15;15;-1.858819874181746e-05;1418.186279296875;13.718340873718262
