time;Lat;Lon;length;width;min_zeta_850;min_hgt_850;max_wind_850
2018-10-22-0200;-22.742592;-65.906769;15.0;15.0;-0.00014513900002135097;1339.0196533203125;21.472713470458984
2018-10-22-0300;-22.472868;-65.756592;15.0;15.0;-0.00014896467600319444;1342.7176513671875;20.494863510131836
2018-10-22-0400;-22.417246;-65.574921;15.0;15.0;-0.0001634535097966291;1347.894287109375;21.282363891601562
2018-10-22-0500;-22.696249;-65.428802;15.0;15.0;-0.00016619219062661832;1353.0693359375;21.717422485351562
2018-10-22-0600;-22.702475;-65.325378;15.0;15.0;-0.00015924731136546531;1358.9853515625;21.61758041381836
2018-10-22-0700;-22.881008;-65.37088;15.0;15.0;-0.00014999382608633805;1364.1619873046875;21.722143173217773
2018-10-22-0800;-22.850965;-65.508514;15.0;15.0;-0.00013905255281016155;1360.465576171875;22.000490188598633
2018-10-22-0900;-22.865252;-65.542267;15.0;15.0;-0.00014157116068169576;1356.0281982421875;21.69281578063965
2018-10-22-1000;-21.514967;-65.517822;15.0;15.0;-0.00016938155628081755;1349.3729248046875;23.228116989135742
2018-10-22-1100;-21.210972;-65.270294;15.0;15.0;-0.00017677017228164143;1344.1962890625;24.350141525268555
2018-10-22-1200;-21.170097;-65.014618;15.0;15.0;-0.00016417466824360984;1339.0196533203125;25.065767288208008
2018-10-22-1300;-21.030205;-64.801056;15.0;15.0;-0.00016400738564090265;1330.8857421875;26.059768676757812
2018-10-22-1400;-20.98362;-64.641357;15.0;15.0;-0.00016573914837012815;1324.9698486328125;26.603256225585938
2018-10-22-1500;-20.494608;-64.549072;15.0;15.0;-0.00017301068700409058;1322.0126953125;26.445314407348633
2018-10-22-1600;-20.61504;-64.44635;15.0;15.0;-0.00017756586938124958;1316.8360595703125;27.300050735473633
2018-10-22-1700;-20.08046;-64.547791;15.0;15.0;-0.0001765602083251832;1308.7021484375;27.80270767211914
2018-10-22-1800;-18.949619;-64.805847;15.0;15.0;-0.0001714187408621369;1303.5255126953125;28.154296875
2018-10-22-1900;-19.285954;-64.666901;15.0;15.0;-0.00016235058828791091;1293.9130859375;28.594154357910156
2018-10-22-2000;-19.761026;-64.57135;15.0;15.0;-0.00016068572917331782;1293.173828125;28.388673782348633
2018-10-22-2100;-19.8172;-64.448608;15.0;15.0;-0.00016426650148280552;1285.038330078125;28.10638999938965
2018-10-22-2200;-19.912107;-64.428436;15.0;15.0;-0.00015739688436275108;1285.038330078125;27.5418643951416
2018-10-22-2300;-19.820583;-64.259766;15.0;15.0;-0.00015838592668811146;1278.3831787109375;28.69297981262207
2018-10-23-0000;-20.015955;-64.371338;15.0;15.0;-0.0001594792700825621;1278.3831787109375;28.67707633972168
2018-10-23-0100;-20.675962;-64.212189;15.0;15.0;-0.00016199822425391408;1270.249267578125;28.859142303466797
2018-10-23-0200;-21.217178;-63.89593500000001;15.0;15.000000000000007;-0.0001581921843345107;1262.854736328125;29.050785064697266
2018-10-23-0300;-21.572254;-63.502228;15.0;15.0;-0.00014997555223771964;1255.460205078125;29.560672760009766
2018-10-23-0400;-22.380995;-62.997772;15.0;15.0;-0.000152291687067732;1241.4105224609375;30.6193904876709
2018-10-23-0500;-22.699432;-62.718018;15.0;15.0;-0.00014726169382986366;1229.57861328125;31.987058639526367
2018-10-23-0600;-23.273729;-62.31686400000001;15.0;15.000000000000007;-0.0001644410891508657;1224.40185546875;31.66253089904785
2018-10-23-0700;-23.522062;-62.076813;15.0;15.0;-0.00017463080439324418;1218.4859619140625;30.74427032470703
2018-10-23-0800;-23.700144;-61.96069299999999;15.0;14.999999999999993;-0.0001546719241925616;1222.92333984375;29.884164810180664
2018-10-23-0900;-23.812881;-61.871857000000006;15.0;15.000000000000007;-0.0001519186406218957;1227.3607177734375;29.210161209106445
2018-10-23-1000;-23.714857;-61.70938100000001;15.0;15.000000000000007;-0.00013235472391179734;1229.57861328125;27.81163787841797
2018-10-23-1100;-23.891363;-61.624695;15.0;15.0;-0.0001280750028570905;1228.8392333984375;28.573299407958984
2018-10-23-1200;-24.154551;-61.17648299999999;15.0;14.999999999999993;-0.000125565984217352;1224.40185546875;29.539710998535156
2018-10-23-1300;-24.54217;-60.47985800000001;15.0;15.000000000000007;-0.00013378400125197912;1223.66259765625;30.747377395629883
2018-10-23-1400;-24.303274;-60.753997999999996;15.0;14.999999999999993;-0.00013071446501303004;1222.92333984375;31.685121536254883
2018-10-23-1500;-24.455978;-60.428650000000005;15.0;15.000000000000007;-0.0001266243739237922;1225.1412353515625;32.25990676879883
2018-10-23-1600;-24.512331000000003;-60.027069;15.000000000000004;15.0;-0.00012328966828944438;1223.66259765625;32.062774658203125
2018-10-23-1700;-24.512955000000005;-59.75116;15.000000000000004;15.0;-0.00011448449949661132;1224.40185546875;31.778379440307617
2018-10-23-1800;-24.43401;-59.59491;15.0;15.0;-0.00010434544698900902;1225.1412353515625;30.92155647277832
2018-10-23-1900;-24.088646;-59.568389999999994;15.0;14.999999999999993;-9.91732371455117e-05;1228.8392333984375;29.918621063232422
2018-10-23-2000;-23.905941;-59.30014;15.0;15.0;-0.00010166175303118519;1234.7552490234375;29.46440315246582
2018-10-23-2100;-23.728432;-59.174774;15.0;15.0;-0.00010011817619209055;1236.97314453125;29.69480323791504
2018-10-23-2200;-23.559683;-59.54553200000001;15.0;15.000000000000007;-9.367510228040288e-05;1245.8477783203125;30.395246505737305
2018-10-23-2300;-23.467604;-59.220000999999996;15.0;14.999999999999993;-0.00010276622621150585;1248.8050537109375;30.324460983276367
2018-10-24-0000;-23.365746;-59.037537;15.0;15.0;-0.00011027765448023017;1249.5443115234375;31.962602615356445
2018-10-24-0100;-23.415764;-58.88098099999999;15.0;14.999999999999993;-0.00011216934399845933;1252.50146484375;31.607654571533203
2018-10-24-0200;-23.392097;-58.810944000000006;15.0;15.000000000000007;-0.00011674946049206335;1253.2423095703125;31.163652420043945
2018-10-24-0300;-23.324478;-58.82324199999999;15.0;14.999999999999993;-0.00012952210922090622;1259.8975830078125;31.354625701904297
2018-10-24-0400;-23.265411;-58.78808599999999;15.0;14.999999999999993;-0.0001367218352704031;1259.8975830078125;31.503602981567383
2018-10-24-0500;-23.15139;-58.619568;15.0;15.0;-0.00013594483103213374;1263.5941162109375;32.25699996948242
2018-10-24-0600;-23.013775;-58.54690600000001;15.0;15.000000000000007;-0.0001301436961425394;1270.249267578125;31.96629524230957
2018-10-24-0700;-22.786377;-58.540099999999995;15.0;14.999999999999993;-0.00012914250693908368;1270.249267578125;32.16347122192383
2018-10-24-0800;-22.833862;-58.323395000000005;15.0;15.000000000000007;-0.00013875113709258915;1275.426025390625;31.889747619628906
2018-10-24-0900;-22.835676;-58.07598899999999;15.0;14.999999999999993;-0.00012574037718055678;1279.86328125;31.263925552368164
2018-10-24-1000;-23.943571;-57.72421299999999;15.0;14.999999999999993;-0.00011572997116783715;1285.7777099609375;31.974153518676758
2018-10-24-1100;-24.042927;-57.583557;15.0;15.0;-0.00012344745504638813;1287.2578125;31.941852569580078
2018-10-24-1200;-24.051498;-57.52853400000001;15.0;15.000000000000007;-0.00012641369225152262;1284.299072265625;32.130767822265625
2018-10-24-1300;-23.869734;-57.80529799999999;15.0;14.999999999999993;-0.00013187186564605943;1283.559814453125;32.54970932006836
2018-10-24-1400;-23.665497;-58.089478;15.0;15.0;-0.00012884650721528521;1282.820556640625;32.8915901184082
2018-10-24-1500;-23.673113;-58.19897499999999;15.0;14.999999999999993;-0.00011828811071504628;1285.038330078125;31.88921546936035
2018-10-24-1600;-23.710142;-58.097106999999994;15.0;14.999999999999993;-0.00014686322633973402;1287.2578125;30.89822006225586
2018-10-24-1700;-24.133221;-57.42559800000001;15.0;15.000000000000007;-0.00014384505114276835;1292.432861328125;29.24420166015625
2018-10-24-1800;-24.488741;-56.864990000000006;15.0;15.000000000000007;-0.00014178478327195597;1299.8291015625;27.450254440307617
2018-10-24-1900;-24.788179;-56.50720200000001;15.0;15.000000000000007;-0.00013911718650627664;1305.004150390625;26.564496994018555
2018-10-24-2000;-24.781181000000004;-56.417572;15.000000000000004;15.0;-0.00012604375476593318;1310.1807861328125;26.098478317260742
2018-10-24-2100;-24.84285;-56.349426;15.0;15.0;-0.00010271669315559867;1315.357421875;25.948570251464844
2018-10-24-2200;-24.643196000000003;-55.976807;15.000000000000004;15.0;-0.00011428118168579727;1320.5340576171875;26.147920608520508
2018-10-24-2300;-24.52747;-56.033875;15.0;15.0;-9.957850626813512e-05;1322.751953125;25.009353637695312
2018-10-25-0000;-24.442421;-56.170532;15.0;15.0;-9.865786807661294e-05;1328.6678466796875;23.366283416748047
2018-10-25-0100;-24.355694;-56.323914;15.0;15.0;-0.0001017896783550577;1333.1036376953125;23.5595760345459
2018-10-25-0200;-24.346455;-56.50054900000001;15.0;15.000000000000007;-9.492464850841403e-05;1333.8446044921875;23.981678009033203
2018-10-25-0300;-24.307489;-56.729431000000005;15.0;15.000000000000007;-0.0001060799798851062;1337.541015625;24.442277908325195
2018-10-25-0400;-24.29081;-56.92834500000001;15.0;15.000000000000007;-0.00011223858815194017;1340.499755859375;21.64010238647461
2018-10-25-0500;-24.314749;-57.011078;15.0;15.0;-0.00013808944692971094;1345.6748046875;20.73949432373047
2018-10-25-0600;-24.315878;-57.096863;15.0;15.0;-0.00014664341926414699;1348.6336669921875;20.743532180786133
2018-10-25-0700;-24.345728;-56.97995;15.0;15.0;-0.00014152524322369047;1354.549560546875;20.958818435668945
2018-10-25-0800;-24.473301;-56.793701;15.0;15.0;-0.00012204877637376583;1362.683349609375;20.355207443237305
2018-10-25-0900;-24.553413;-56.558746;15.0;15.0;-0.00010011082821265612;1368.599365234375;19.614797592163086
2018-10-25-1000;-24.830088000000003;-56.272003;15.000000000000004;15.0;-9.733163463120327e-05;1369.338623046875;18.689401626586914
2018-10-25-1100;-25.05769;-55.944061;15.0;15.0;-0.00011066449147664731;1375.993896484375;18.972734451293945
2018-10-25-1200;-25.216898;-55.653137;15.0;15.0;-0.00011698709026594456;1373.03515625;18.70759391784668
2018-10-25-1300;-25.478355;-55.189148;15.0;15.0;-0.00012042212744818225;1376.733154296875;19.10353660583496
2018-10-25-1400;-25.516616999999997;-54.951599;14.999999999999996;15.0;-0.00012051212102849924;1375.993896484375;19.137510299682617
2018-10-25-1500;-25.353226;-54.962433;15.0;15.0;-0.00012009276686913406;1376.733154296875;19.72045135498047
2018-10-25-1600;-25.322778999999997;-54.772888;14.999999999999996;15.0;-0.00012200190709340642;1374.5152587890625;20.23917007446289
2018-10-25-1700;-25.404795;-54.352203;15.0;15.0;-0.00012138759278323256;1373.03515625;20.78583526611328
2018-10-25-1800;-25.246769;-54.985443;15.0;15.0;-0.0001133657270698003;1373.7760009765625;20.779661178588867
2018-10-25-1900;-25.13151;-55.71701;15.0;15.0;-0.0001515250154206335;1370.077880859375;20.539094924926758
2018-10-25-2000;-24.999138000000002;-56.191071;15.000000000000004;15.0;-0.00014571245247586167;1369.338623046875;19.216196060180664
2018-10-25-2100;-24.969066999999995;-56.271393;14.999999999999996;15.0;-0.00014737312266827808;1365.640625;19.720478057861328
2018-10-25-2200;-24.964726999999996;-56.456146;14.999999999999996;15.0;-0.00014713055683632676;1366.3798828125;19.685028076171875
2018-10-25-2300;-24.873532999999995;-56.703278;14.999999999999996;15.0;-0.00013052497871065058;1365.640625;19.400428771972656
2018-10-26-0000;-24.870552000000004;-56.72589099999999;15.000000000000004;14.999999999999993;-0.00013450067810258362;1358.9853515625;19.3825740814209
2018-10-26-0100;-24.805172;-56.806213;15.0;15.0;-0.00012767518050021184;1359.724609375;19.115833282470703
2018-10-26-0200;-24.642729000000003;-57.10244800000001;15.000000000000004;15.000000000000007;-0.00010925809699852364;1354.549560546875;18.72311782836914
2018-10-26-0300;-24.540284999999997;-57.398346000000004;14.999999999999996;15.000000000000007;-0.00012134112670143681;1347.155029296875;18.65732765197754
2018-10-26-0400;-24.412977;-57.68057300000001;15.0;15.000000000000007;-0.00014584357796324708;1340.499755859375;18.31450653076172
2018-10-26-0500;-24.425148;-57.624939;15.0;15.0;-0.00013472282567776877;1335.3231201171875;18.257036209106445
2018-10-26-0600;-24.450621;-57.67053200000001;15.0;15.000000000000007;-0.00012038628018861506;1334.5838623046875;18.139636993408203
2018-10-26-0700;-24.41918;-57.792603;15.0;15.0;-0.00012952923542140698;1333.8446044921875;18.645666122436523
2018-10-26-0800;-24.544395;-57.611603;15.0;15.0;-0.000136182468554388;1335.3231201171875;18.96493148803711
2018-10-26-0900;-24.777618000000004;-57.26818800000001;15.000000000000004;15.000000000000007;-0.0001310043090237829;1336.8017578125;19.214614868164062
2018-10-26-1000;-25.723264999999998;-56.152191;14.999999999999996;15.0;-0.00012259782043009222;1336.0623779296875;18.731870651245117
2018-10-26-1100;-26.199348;-55.793579;15.0;15.0;-0.00011331474996471891;1330.8857421875;18.88633155822754
2018-10-26-1200;-26.486828000000003;-55.759705;15.000000000000004;15.0;-0.0001287240489784732;1327.9285888671875;19.597578048706055
2018-10-26-1300;-26.847341999999998;-55.586639;14.999999999999996;15.0;-0.00013681297925863562;1323.4912109375;20.439651489257812
2018-10-26-1400;-27.085032999999996;-55.596436;14.999999999999996;15.0;-0.00013740084728708121;1324.2305908203125;21.08792495727539
2018-10-26-1500;-27.187584;-55.269958;15.0;15.0;-0.00013984950297295462;1319.7947998046875;21.3747501373291
2018-10-26-1600;-27.415627999999998;-55.026093;14.999999999999996;15.0;-0.00017040831910345968;1316.0966796875;22.09080696105957
2018-10-26-1700;-27.33972;-54.986084;15.0;15.0;-0.00019952417860842403;1316.0966796875;22.83271598815918
2018-10-26-1800;-27.477633999999995;-54.572113;14.999999999999996;15.0;-0.00021048088434666174;1316.0966796875;23.47894287109375
2018-10-26-1900;-27.455589000000003;-54.210449;15.000000000000004;15.0;-0.0002129033445784989;1316.8360595703125;23.555419921875
2018-10-26-2000;-27.559536;-53.815521;15.0;15.0;-0.0002164906335389116;1316.0966796875;23.482561111450195
2018-10-26-2100;-27.817936000000003;-53.297485;15.000000000000004;15.0;-0.00020292943131563593;1317.5753173828125;22.980609893798828
2018-10-26-2200;-28.309803000000002;-52.734131;15.000000000000004;15.0;-0.00016507453691164066;1319.0538330078125;23.539709091186523
2018-10-26-2300;-28.176872000000003;-52.37561;15.000000000000004;15.0;-0.00018036227863997746;1320.5340576171875;23.696420669555664
2018-10-27-0000;-28.147604;-51.910706;15.0;15.0;-0.00020032380203997548;1319.7947998046875;24.291767120361328
2018-10-27-0100;-28.259113;-51.429657;15.0;15.0;-0.00021159508958891528;1322.751953125;24.302181243896484
2018-10-27-0200;-28.429705;-50.968536;15.0;15.0;-0.00019902551140708684;1318.3145751953125;25.13020133972168
2018-10-27-0300;-28.68689;-50.624481;15.0;15.0;-0.00018146159618918708;1319.0538330078125;25.722366333007812
2018-10-27-0400;-28.781570000000002;-50.266113;15.000000000000004;15.0;-0.00017251564294126862;1324.2305908203125;26.553918838500977
2018-10-27-0500;-29.037771;-49.864807;15.0;15.0;-0.00020903281602128315;1326.4500732421875;27.685678482055664
2018-10-27-0600;-29.125534000000002;-49.436371;15.000000000000004;15.0;-0.0002619963975165801;1332.3643798828125;28.537391662597656
2018-10-27-0700;-29.192588999999998;-48.990051;14.999999999999996;15.0;-0.00029343884442887945;1338.2802734375;30.079143524169922
2018-10-27-0800;-29.197125999999997;-48.52301;14.999999999999996;15.0;-0.00032555302771888537;1347.894287109375;31.298770904541016
2018-10-27-0900;-29.238090999999997;-48.008392;14.999999999999996;15.0;-0.00032222816358332715;1355.288818359375;30.181859970092773
2018-10-27-1000;-29.264576000000005;-47.449829;15.000000000000004;15.0;-0.0003591171221432252;1358.9853515625;28.058826446533203
2018-10-27-1100;-29.280221999999995;-46.813751;14.999999999999996;15.0;-0.0003802539922332448;1367.1207275390625;28.571613311767578
2018-10-27-1200;-29.170664000000002;-46.055969;15.000000000000004;15.0;-0.00043332533492301383;1366.3798828125;29.905988693237305
2018-10-27-1300;-29.149729;-45.311401;15.0;15.0;-0.0004918937781821297;1362.683349609375;32.2723388671875
2018-10-27-1400;-29.113911;-44.786346;15.0;15.0;-0.0005005190551178361;1356.7674560546875;33.80414962768555
2018-10-27-1500;-29.161144;-44.35379;15.0;15.0;-0.0005041770742979686;1349.3729248046875;34.43754959106445
2018-10-27-1600;-29.220921000000004;-43.837646;15.000000000000004;15.0;-0.0005154384309858512;1343.4569091796875;34.80397033691406
2018-10-27-1700;-29.292183;-43.359192;15.0;15.0;-0.0005219887943367237;1333.8446044921875;34.10652160644531
2018-10-27-1800;-29.41205;-42.981689;15.0;15.0;-0.0004884530216910496;1324.2305908203125;33.97632598876953
2018-10-27-1900;-29.447013999999996;-42.49353;14.999999999999996;15.0;-0.0005064315233144144;1319.0538330078125;33.698974609375
2018-10-27-2000;-29.505116;-42.003204;15.0;15.0;-0.0005236790466735133;1310.9200439453125;33.460140228271484
2018-10-27-2100;-29.487535;-41.539337;15.0;15.0;-0.0005161531765460199;1310.1807861328125;34.94380569458008
2018-10-27-2200;-29.473623000000003;-40.909973;15.000000000000004;15.0;-0.0005174683039937987;1309.44140625;35.99952697753906
2018-10-27-2300;-29.501373;-40.62912;15.0;15.0;-0.0005068275226641794;1307.2236328125;37.0509033203125
2018-10-28-0000;-29.498329;-40.356812;15.0;15.0;-0.0004761944939662469;1304.2647705078125;36.7254524230957
2018-10-28-0100;-29.541395;-40.070557;15.0;15.0;-0.0004892348035171014;1305.743408203125;36.01084899902344
2018-10-28-0200;-29.606038999999996;-39.736084;14.999999999999996;15.0;-0.0005220933666841528;1305.004150390625;36.99099349975586
2018-10-28-0300;-29.704081000000002;-39.456604;15.000000000000004;15.0;-0.0005672068886595043;1296.8702392578125;38.73219299316406
2018-10-28-0400;-29.764997;-39.066589;15.0;15.0;-0.0005747983865663008;1287.9971923828125;39.57203674316406
2018-10-28-0500;-29.904742999999996;-38.620972;14.999999999999996;15.0;-0.0005814511247678663;1277.643798828125;38.81658172607422
2018-10-28-0600;-30.071098;-38.203613;15.0;15.0;-0.0005830704109751766;1267.2921142578125;39.201576232910156
2018-10-28-0700;-30.236295999999996;-37.697754;14.999999999999996;15.0;-0.0005909916718632749;1259.15673828125;40.22120666503906
2018-10-28-0800;-30.448121999999998;-37.311432;14.999999999999996;15.0;-0.0005918382616673776;1253.2423095703125;40.917449951171875
2018-10-28-0900;-30.617874;-36.860535;15.0;15.0;-0.0005642377304495354;1251.76220703125;41.281028747558594
2018-10-28-1000;-30.973904000000005;-36.214264;15.000000000000004;15.0;-0.0005826556500800714;1259.15673828125;42.969112396240234
2018-10-28-1100;-31.072479;-35.859009;15.0;15.0;-0.0005470473601990163;1259.8975830078125;40.01615905761719
2018-10-28-1200;-31.285919;-35.448181;15.0;15.0;-0.0004973351268674688;1259.8975830078125;39.9268798828125
2018-10-28-1300;-31.475825999999998;-35.051392;14.999999999999996;15.0;-0.00047422910314881436;1264.3333740234375;39.778663635253906
2018-10-28-1400;-31.708191;-34.651031;15.0;15.0;-0.0004685011228904398;1262.854736328125;40.384029388427734
2018-10-28-1500;-31.911472000000003;-34.292328;15.000000000000004;15.0;-0.00043031524113488893;1261.376220703125;40.54740905761719
2018-10-28-1600;-32.13377;-33.907959;15.0;15.0;-0.00043397154677977495;1253.981689453125;41.044918060302734
2018-10-28-1700;-32.359638;-33.594238;15.0;15.0;-0.00041794608078597897;1252.50146484375;40.80413818359375
2018-10-28-1800;-32.566273;-33.233246;15.0;15.0;-0.00041260345965610646;1248.8050537109375;40.69336700439453
2018-10-28-1900;-32.79351;-32.870544;15.0;15.0;-0.0003935604933091061;1251.76220703125;40.88065719604492
2018-10-28-2000;-33.019508;-32.551208;15.0;15.0;-0.0004011643109222711;1248.8050537109375;40.50326919555664
2018-10-28-2100;-33.263329;-32.160034;15.0;15.0;-0.00040428124770977266;1251.76220703125;40.20643997192383
2018-10-28-2200;-33.515068;-31.641449;15.0;15.0;-0.0004205861848099403;1240.671142578125;40.873538970947266
2018-10-28-2300;-33.777187;-31.295135000000002;15.0;15.000000000000004;-0.00044687067589832606;1242.1497802734375;40.32156753540039
2018-10-29-0000;-34.030403;-31.063263;15.0;15.0;-0.00044342856173403976;1239.931884765625;40.92228317260742
2018-10-29-0100;-34.245407;-30.802307;15.0;15.0;-0.0004227125297485705;1241.4105224609375;41.86964416503906
2018-10-29-0200;-34.509445;-30.561615000000003;15.0;15.000000000000004;-0.0004069753090757408;1239.931884765625;42.707244873046875
2018-10-29-0300;-34.753475;-30.3703;15.0;15.0;-0.00038602014722928486;1238.45166015625;41.950523376464844
2018-10-29-0400;-34.984745;-30.188477;15.0;15.0;-0.0003605231310465969;1236.2337646484375;39.2291145324707
2018-10-29-0500;-35.258175;-29.937866;15.0;15.0;-0.0003523892520060327;1236.2337646484375;38.472286224365234
2018-10-29-0600;-35.49474;-29.682037;15.0;15.0;-0.0003534340335378385;1235.4945068359375;37.757476806640625
2018-10-29-0700;-35.709076;-29.477385999999996;15.0;14.999999999999996;-0.0003599460203443969;1237.71240234375;37.30858612060547
2018-10-29-0800;-35.952179;-29.145874;15.0;15.0;-0.0003828034194855571;1239.931884765625;39.19526672363281
2018-10-29-0900;-36.164547;-28.906341999999995;15.0;14.999999999999996;-0.0003850246352286646;1243.6282958984375;39.784610748291016
2018-10-29-1000;-36.357918;-28.654419000000004;15.0;15.000000000000004;-0.0003732753330118591;1243.6282958984375;39.87836837768555
2018-10-29-1100;-36.580315;-28.456360000000004;15.0;15.000000000000004;-0.0003698469887869531;1239.192626953125;40.58967208862305
2018-10-29-1200;-36.845253;-28.231964000000005;15.0;15.000000000000004;-0.00036856882131483976;1238.45166015625;39.7867546081543
2018-10-29-1300;-37.028961;-28.025085000000004;15.0;15.000000000000004;-0.00035845917369214833;1239.192626953125;38.90129852294922
2018-10-29-1400;-37.259895;-27.792418999999995;15.0;14.999999999999996;-0.0003611604579651316;1235.4945068359375;37.74638366699219
2018-10-29-1500;-37.443211;-27.638947;15.0;15.0;-0.0003350037630910016;1234.015869140625;36.60343933105469
2018-10-29-1600;-37.61459;-27.432586999999998;15.0;14.999999999999996;-0.0003143496262672153;1230.31787109375;35.774837493896484
2018-10-29-1700;-37.810577;-27.174042;15.0;15.0;-0.00031034096446254367;1231.05712890625;35.278892517089844
2018-10-29-1800;-37.969925;-26.904266;15.0;15.0;-0.00030813833076656253;1229.57861328125;34.988189697265625
2018-10-29-1900;-38.12925;-26.614868;15.0;15.0;-0.0002898427923613113;1233.276611328125;34.072078704833984
2018-10-29-2000;-38.306061;-26.330016999999998;15.0;14.999999999999996;-0.00027406815191229923;1236.2337646484375;33.5456428527832
2018-10-29-2100;-38.469296;-26.056213;15.0;15.0;-0.0002496208459491596;1238.45166015625;33.740631103515625
2018-10-29-2200;-38.695808;-25.788391000000004;15.0;15.000000000000004;-0.00023970997029310918;1238.45166015625;34.24058532714844
2018-10-29-2300;-38.831791;-25.55368;15.0;15.0;-0.0002371400405843555;1243.6282958984375;34.1734504699707
2018-10-30-0000;-38.99234;-25.321106;15.0;15.0;-0.0002387872286724891;1240.671142578125;34.578453063964844
2018-10-30-0100;-39.123577;-25.151459000000003;15.0;15.000000000000004;-0.00024211007860717903;1248.065673828125;34.81508255004883
2018-10-30-0200;-39.299908;-25.009276999999997;15.0;14.999999999999996;-0.00022369138084209282;1245.10693359375;34.41920852661133
2018-10-30-0300;-39.482323;-24.801085999999998;15.0;14.999999999999996;-0.0002099256062265281;1241.4105224609375;34.51765823364258
2018-10-30-0400;-39.640919;-24.583252;15.0;15.0;-0.00022187975116003627;1239.192626953125;34.203102111816406
2018-10-30-0500;-39.773205;-24.318542;15.0;15.0;-0.00020980595808046663;1239.192626953125;33.478843688964844
2018-10-30-0600;-39.921005;-23.975922;15.0;15.0;-0.00020403514449838627;1243.6282958984375;32.47620391845703
2018-10-30-0700;-40.0658;-23.702087;15.0;15.0;-0.00020058626171014696;1239.931884765625;32.370967864990234
2018-10-30-0800;-40.205818;-23.414185;15.0;15.0;-0.00020352810900826346;1245.8477783203125;32.49251937866211
2018-10-30-0900;-40.348511;-23.142975;15.0;15.0;-0.00020774215672691445;1250.2835693359375;32.41206359863281
2018-10-30-1000;-40.497299;-22.911713;15.0;15.0;-0.00019834452535175064;1253.981689453125;30.24066734313965
2018-10-30-1100;-40.621471;-22.734253;15.0;15.0;-0.00019943315899016793;1254.720947265625;30.476030349731445
2018-10-30-1200;-40.74435;-22.521057;15.0;15.0;-0.00020936575912728012;1253.981689453125;30.176197052001953
2018-10-30-1300;-40.875759;-22.330688;15.0;15.0;-0.0002241513159023696;1256.1995849609375;30.03390884399414
2018-10-30-1400;-41.016579;-22.127777;15.0;15.0;-0.00023185858265101886;1254.720947265625;29.880163192749023
2018-10-30-1500;-41.168968;-21.944214;15.0;15.0;-0.00022925425210423194;1254.720947265625;29.456356048583984
2018-10-30-1600;-41.309177;-21.753784;15.0;15.0;-0.0002348598066585823;1254.720947265625;29.302350997924805
2018-10-30-1700;-41.418236;-21.569244;15.0;15.0;-0.0002435695197641683;1256.9388427734375;29.14162826538086
2018-10-30-1800;-41.564964;-21.324768;15.0;15.0;-0.0002456656868773437;1260.6368408203125;28.458621978759766
2018-10-30-1900;-41.697655;-21.109161;15.0;15.0;-0.00024246877235530907;1261.376220703125;27.72368049621582
2018-10-30-2000;-41.770344;-20.926483;15.0;15.0;-0.00023573014996169282;1265.0726318359375;27.42592430114746
2018-10-30-2100;-41.843185;-20.770813;15.0;15.0;-0.00022167855962001415;1268.770751953125;26.652673721313477
2018-10-30-2200;-41.990955;-20.505554;15.0;15.0;-0.0001992602910107689;1270.249267578125;24.320608139038086
2018-10-30-2300;-42.0242;-20.370667;15.0;15.0;-0.00018732986587091403;1274.6866455078125;24.25548553466797
2018-10-31-0000;-42.091927;-20.21814;15.0;15.0;-0.00019079590094883182;1271.7279052734375;24.43055534362793
2018-10-31-0100;-42.175701;-20.050385;15.0;15.0;-0.00019277601257488414;1275.426025390625;25.21346664428711
2018-10-31-0200;-42.262112;-19.914978;15.0;15.0;-0.00019068906727103037;1271.7279052734375;26.37363624572754
2018-10-31-0300;-42.360249;-19.762024;15.0;15.0;-0.00018775977867743545;1272.4671630859375;27.069766998291016
2018-10-31-0400;-42.462193;-19.601196;15.0;15.0;-0.00018310739152381986;1272.4671630859375;27.214754104614258
2018-10-31-0500;-42.569542;-19.417542;15.0;15.0;-0.00024904999300492513;1274.6866455078125;31.32271385192871
2018-10-31-0600;-42.65794;-19.260803;15.0;15.0;-0.000285743323008389;1275.426025390625;32.942848205566406
2018-10-31-0700;-42.729229;-19.145508;15.0;15.0;-0.0002752103042259485;1279.1224365234375;30.780109405517578
2018-10-31-0800;-42.755432;-19.112091;15.0;15.0;-0.00026451930146800063;1282.0811767578125;27.374515533447266
2018-10-31-0900;-42.773411;-19.121429;15.0;15.0;-0.00025987701680401927;1289.4757080078125;26.936927795410156
2018-10-31-1000;-42.842239;-19.103577;15.0;15.0;-0.00023294160503630168;1287.2578125;28.104949951171875
2018-10-31-1100;-42.840637;-19.224121;15.0;15.0;-0.00027462111375156726;1288.7364501953125;30.328338623046875
2018-10-31-1200;-42.882118;-19.24707;15.0;15.0;-0.00030375118052756414;1286.5185546875;31.07344627380371
2018-10-31-1300;-42.94458;-19.218506;15.0;15.0;-0.00033020983461879306;1287.2578125;31.414310455322266
2018-10-31-1400;-43.03149;-19.130127;15.0;15.0;-0.00032954892826422876;1285.7777099609375;31.226640701293945
2018-10-31-1500;-43.124458;-19.010803;15.0;15.0;-0.0003163949514742937;1284.299072265625;30.733572006225586
2018-10-31-1600;-43.211193;-18.890961;15.0;15.0;-0.0003238867506228737;1285.038330078125;30.784313201904297
2018-10-31-1700;-43.224262;-18.85556;15.0;15.0;-0.0003118505047935519;1287.2578125;30.931154251098633
2018-10-31-1800;-43.154747;-18.901398;15.0;15.0;-0.0003082508414544088;1289.4757080078125;31.147960662841797
2018-10-31-1900;-43.027378;-18.986511;15.0;15.0;-0.0003031650135516122;1289.4757080078125;30.730382919311523
2018-10-31-2000;-42.889099;-19.026276;15.0;15.0;-0.000277323271766426;1290.954345703125;31.04447364807129
2018-10-31-2100;-42.778988;-19.011292;15.0;15.0;-0.0002578364731463785;1293.9130859375;31.11749267578125
2018-10-31-2200;-42.786758;-18.724152;15.0;15.0;-0.00030551349754429915;1287.9971923828125;31.07636070251465
2018-10-31-2300;-42.758904;-18.640869;15.0;15.0;-0.0002969537344691999;1291.693603515625;30.82498550415039
2018-11-01-0000;-42.770428;-18.521698;15.0;15.0;-0.0002808255854641328;1291.693603515625;31.059192657470703
2018-11-01-0100;-42.792217;-18.350342;15.0;15.0;-0.00028149868388576175;1287.2578125;30.52646255493164
2018-11-01-0200;-42.828651;-18.138306;15.0;15.0;-0.0002632363087158142;1285.7777099609375;30.829626083374023
2018-11-01-0300;-42.814098;-17.911316;15.0;15.0;-0.0002530572777326299;1283.559814453125;31.232833862304688
2018-11-01-0400;-42.808807;-17.64325;15.0;15.0;-0.00025356377387496075;1282.0811767578125;31.18410873413086
2018-11-01-0500;-42.771439;-17.381042;15.0;15.0;-0.0002437279819265236;1282.820556640625;31.496845245361328
2018-11-01-0600;-42.736202;-17.148468;15.0;15.0;-0.00023973490016610622;1281.3419189453125;31.4221134185791
2018-11-01-0700;-42.707176;-16.913818;15.0;15.0;-0.00024055007926294424;1285.038330078125;30.602333068847656
2018-11-01-0800;-42.733135;-16.703491;15.0;15.0;-0.0002469731425392884;1285.7777099609375;29.830934524536133
2018-11-01-0900;-42.78484;-16.482208;15.0;15.0;-0.0002515041233549039;1291.693603515625;29.5687255859375
2018-11-01-1000;-42.929649;-16.272491;15.0;15.0;-0.00025108156182481535;1287.2578125;29.882478713989258
2018-11-01-1100;-42.978031;-16.001984;15.0;15.0;-0.00028851882195486797;1288.7364501953125;30.065868377685547
2018-11-01-1200;-43.006172;-15.671356;15.0;15.0;-0.00030820037625790153;1285.7777099609375;30.284198760986328
2018-11-01-1300;-43.038246;-15.317810000000001;15.0;15.000000000000002;-0.00025563219139333553;1284.299072265625;30.542774200439453
2018-11-01-1400;-43.052738;-14.925201000000001;15.0;15.000000000000002;-0.00022442272631685226;1279.1224365234375;30.609603881835938
2018-11-01-1500;-43.062737;-14.615265;15.0;15.0;-0.0002203804822206356;1274.6866455078125;29.906269073486328
2018-11-01-1600;-43.069035;-14.210327;15.0;15.0;-0.00018088388567439307;1270.249267578125;28.439533233642578
2018-11-01-1700;-43.058903;-13.863861;15.0;15.0;-0.00016306046084157313;1269.510009765625;27.095550537109375
2018-11-01-1800;-43.057743;-13.503509999999999;15.0;14.999999999999998;-0.00016199957485280576;1267.2921142578125;26.113576889038086
2018-11-01-1900;-43.020744;-13.16864;15.0;15.0;-0.00016633019839281315;1265.81201171875;26.892457962036133
2018-11-01-2000;-42.961525;-12.814788999999998;15.0;14.999999999999998;-0.00014983927762469548;1268.770751953125;27.160730361938477
2018-11-01-2100;-42.894176;-12.512329000000001;15.0;15.000000000000002;-0.0001607994888524677;1268.0313720703125;26.953847885131836
2018-11-01-2200;-42.864956;-12.3703;15.0;15.0;-0.00015426774422376462;1262.115478515625;26.897409439086914
2018-11-01-2300;-42.822052;-12.132019;15.0;15.0;-0.00014979895174357369;1252.50146484375;26.697513580322266
2018-11-02-0000;-42.779152;-11.922943;15.0;15.0;-0.00016190653070248442;1246.587158203125;27.874961853027344
2018-11-02-0100;-42.790894;-11.587097;15.0;15.0;-0.0001926949817085612;1239.931884765625;29.218137741088867
2018-11-02-0200;-42.820873;-11.163727000000002;15.0;15.000000000000002;-0.00022199909082036188;1228.0999755859375;29.978435516357422
2018-11-02-0300;-42.86179;-10.664763999999998;15.0;14.999999999999998;-0.0002243796087900901;1220.7054443359375;30.51671600341797
2018-11-02-0400;-42.940056;-9.984099999999998;15.0;14.999999999999998;-0.00020081456792953002;1211.8306884765625;31.758718490600586
2018-11-02-0500;-43.085968;-9.205353000000002;15.0;15.000000000000002;-0.00019306166297123812;1203.6968994140625;32.72913360595703
2018-11-02-0600;-43.301651;-8.314667;15.0;15.0;-0.00020726330237989696;1200.0003662109375;34.08392333984375
2018-11-02-0700;-43.781086;-7.232116999999999;15.0;15.0;-0.0002114941524814384;1199.2611083984375;33.259002685546875
