time;Lat;Lon;length;width;min_zeta_850;min_hgt_850;max_wind_850
1995-07-21-1100;-37.118431;-36.694824;15;15;-0.00010995749057666652;1497.3145751953125;22.130096435546875
1995-07-21-1200;-37.354385;-36.06665;15;15;-0.00013377534700742032;1487.83447265625;22.32161521911621
1995-07-21-1300;-37.561394;-35.459381;15;15;-0.00012346308756418846;1484.1873779296875;22.81216049194336
1995-07-21-1400;-37.830677;-34.593384;15;15;-0.00012958631391837028;1477.62451171875;23.127979278564453
1995-07-21-1500;-38.017769;-33.830109;15;15;-0.00013421880817676194;1470.330322265625;23.23426055908203
1995-07-21-1600;-38.13797;-33.258423;15;15;-0.0001311150721456609;1463.767578125;23.01996612548828
1995-07-21-1700;-38.266304;-32.607727;15;15;-0.00012858548956086859;1457.203125;23.219890594482422
1995-07-21-1800;-38.361607;-32.001465;15;15;-0.00011787372504904455;1455.0155029296875;23.92026710510254
1995-07-21-1900;-38.409439;-31.496185;15;15;-0.00013752102984015721;1455.0155029296875;24.44318389892578
1995-07-21-2000;-38.429386;-31.028625;15;15;-0.00012788705570604468;1454.2857666015625;25.781429290771484
1995-07-21-2100;-38.440826;-30.593475;15;15;-0.00011720520139003128;1451.3699951171875;26.653406143188477
1995-07-21-2200;-38.599094;-30.143616;15;15;-0.00010558941704263848;1443.3477783203125;29.564828872680664
1995-07-21-2300;-38.653801;-29.487122;15;15;-0.00010366054437651822;1441.1585693359375;30.06069564819336
1995-07-22-0000;-38.702663;-28.769073;15;15;-9.85261777244619e-05;1435.325439453125;30.134605407714844
1995-07-22-0100;-38.694397;-28.111816;15;15;-9.232587801130402e-05;1430.220458984375;30.26216697692871
1995-07-22-0200;-38.672432;-27.321869;15;15;-8.78910256857278e-05;1425.8436279296875;30.272937774658203
1995-07-22-0300;-38.604588;-26.569916;15;15;-0.000111707504552688;1422.92626953125;30.424957275390625
1995-07-22-0400;-38.501236;-25.892609;15;15;-0.0001159831593208477;1418.5511474609375;30.23152732849121
1995-07-22-0500;-38.395489;-25.254974;15;15;-0.00010517832674946024;1422.1981201171875;29.05296516418457
1995-07-22-0600;-38.302277;-24.59552;15;15;-0.0001143495593527092;1414.1759033203125;28.866323471069336
1995-07-22-0700;-38.219585;-23.910309;15;15;-0.00010767100055937906;1415.6337890625;28.16806411743164
1995-07-22-0800;-38.140209;-23.260681;15;15;-8.935454841361068e-05;1411.98828125;28.159160614013672
1995-07-22-0900;-38.085602;-22.592896;15;15;-9.198892872956646e-05;1409.0709228515625;28.28252601623535
1995-07-22-1000;-38.057049;-22.089325;15;15;-6.423724756799718e-05;1402.5064697265625;27.519187927246094
1995-07-22-1100;-37.911301;-21.476868;15;15;-4.6232310062149865e-05;1404.694091796875;27.7669677734375
1995-07-22-1200;-37.748291;-20.715759;15;15;-5.373176692434015e-05;1408.3411865234375;28.09185218811035
1995-07-22-1300;-37.561977;-20.121002;15;15;-5.735884541182938e-05;1398.1312255859375;28.378551483154297
1995-07-22-1400;-37.38171;-19.499054;15;15;-4.109221562760849e-05;1393.0263671875;28.886089324951172
1995-07-22-1500;-37.173077;-18.941162;15;15;-5.156358553212979e-05;1393.0263671875;29.655593872070312
1995-07-22-1600;-36.89883;-18.443909;15;15;-6.0589131254201876e-05;1395.2139892578125;30.009479522705078
1995-07-22-1700;-36.609581;-17.987762;15;15;-7.554532799749627e-05;1401.7767333984375;30.148380279541016
1995-07-22-1800;-36.334347;-17.585297;15;15;-7.341324595343122e-05;1405.423828125;30.34424591064453
1995-07-22-1900;-36.042816;-17.274689;15;15;-6.6731442607106e-05;1409.0709228515625;30.471729278564453
1995-07-22-2000;-35.766872;-17.026154;15;15;-5.807936504496059e-05;1414.904052734375;30.36511993408203
1995-07-22-2100;-35.530476;-16.761993;15;15;-5.137264520680567e-05;1420.0106201171875;30.156917572021484
