time;Lat;Lon;length;width;min_zeta_850;min_hgt_850;max_wind_850
1983-07-02-0600;-26.576305;-60.682739;15;15;-0.0002790660877648247;1340.9364013671875;38.40845489501953
1983-07-02-0700;-27.282814;-60.03949;15;15;-0.0003174034447561663;1329.725830078125;38.59616470336914
1983-07-02-0800;-27.575834;-59.565033;15;15;-0.00039778867066919866;1317.76806640625;38.44114303588867
1983-07-02-0900;-27.650732;-59.090851;15;15;-0.0004393859295712826;1302.8197021484375;37.7435302734375
1983-07-02-1000;-28.555031;-58.41095;15;15;-0.000368279335415227;1275.9151611328125;39.96250534057617
1983-07-02-1100;-28.556271;-57.996124;15;15;-0.0003489404095588733;1284.1365966796875;40.30971908569336
1983-07-02-1200;-28.73134;-57.463776;15;15;-0.00035058029860526385;1284.1365966796875;40.62752914428711
1983-07-02-1300;-29.035248;-56.860626;15;15;-0.00033868737200230104;1280.4002685546875;40.30886459350586
1983-07-02-1400;-29.069576;-56.449005;15;15;-0.00033965191323528183;1274.4205322265625;39.96269989013672
1983-07-02-1500;-29.291487;-55.997253;15;15;-0.0003425222481924943;1264.70458984375;39.655757904052734
1983-07-02-1600;-29.646257;-55.288788;15;15;-0.00037535122242250295;1257.2320556640625;40.553218841552734
1983-07-02-1700;-30.27722;-54.403351;15;15;-0.0003817953018225077;1245.2742919921875;40.7996826171875
1983-07-02-1800;-30.930023;-53.454834;15;15;-0.0003866669494735324;1237.052734375;41.89139175415039
1983-07-02-1900;-31.309805;-52.626129;15;15;-0.00040595814667415323;1232.567626953125;41.69899368286133
1983-07-02-2000;-31.66544;-51.767273;15;15;-0.0003888794946747509;1227.3367919921875;43.360809326171875
1983-07-02-2100;-31.872051;-51.060333;15;15;-0.0003786867091908296;1225.84228515625;44.79193115234375
1983-07-02-2200;-32.399368;-50.445465;15;15;-0.0003903509403959968;1215.3790283203125;46.188873291015625
1983-07-02-2300;-32.589626;-49.816315;15;15;-0.0003842876323491999;1209.3992919921875;45.59694290161133
1983-07-03-0000;-32.939632;-49.096375;15;15;-0.0004048972001085406;1195.947021484375;46.039424896240234
1983-07-03-0100;-33.463226;-48.36203;15;15;-0.0004541197372174932;1179.5057373046875;46.831905364990234
1983-07-03-0200;-33.984043;-47.628906;15;15;-0.00048013450465074774;1170.5369873046875;46.40453338623047
1983-07-03-0300;-34.361256;-46.829712;15;15;-0.00047864787847700844;1153.348388671875;48.14887237548828
1983-07-03-0400;-34.862812;-46.125916;15;15;-0.00046402329245532215;1144.379638671875;49.358673095703125
1983-07-03-0500;-35.245979;-45.45166;15;15;-0.00044207678308265776;1132.421875;48.859161376953125
1983-07-03-0600;-35.71579;-44.888184;15;15;-0.00041595095924319605;1115.97900390625;48.72453308105469
1983-07-03-0700;-36.348457;-44.38562;15;15;-0.0003667932430441051;1099.5377197265625;49.1425895690918
1983-07-03-0800;-36.83334;-43.792236;15;15;-0.0003775963051957669;1084.5908203125;49.43144989013672
1983-07-03-0900;-37.37719;-43.267212;15;15;-0.00039928175713230165;1066.6534423828125;50.53896713256836
1983-07-03-1000;-37.979633;-42.838654;15;15;-0.000418907683920314;1045.7269287109375;51.111572265625
1983-07-03-1100;-38.535896;-42.35788;15;15;-0.0004273976489779557;1031.52734375;51.625858306884766
1983-07-03-1200;-39.155449;-41.963623;15;15;-0.0004229506952295576;1017.3278198242188;51.98881912231445
1983-07-03-1300;-39.772114;-41.575043;15;15;-0.00042302201401337033;1003.1282958984375;51.742698669433594
1983-07-03-1400;-40.321922;-41.196411;15;15;-0.0004340627016780905;984.443603515625;51.884803771972656
1983-07-03-1500;-40.792629;-40.817596;15;15;-0.00043630331390608144;962.0225830078125;51.2282600402832
1983-07-03-1600;-41.313301;-40.455109;15;15;-0.00046788838720755667;941.8433227539062;50.007144927978516
1983-07-03-1700;-41.944466;-40.269745;15;15;-0.0004948945340309711;924.6547241210938;49.516597747802734
1983-07-03-1800;-42.52232;-40.048584;15;15;-0.0005292989903458116;910.4552001953125;49.7703971862793
1983-07-03-1900;-43.048203;-39.87616;15;15;-0.0005519380864691078;894.0122680664062;50.749549865722656
1983-07-03-2000;-43.546921;-39.763245;15;15;-0.0005926643730202984;882.0545043945312;50.54502487182617
1983-07-03-2100;-44.096191;-39.688568;15;15;-0.0005987196961827759;870.843994140625;49.625118255615234
1983-07-03-2200;-44.995472;-40.191223;15;15;-0.0005946489775492093;827.4965209960938;51.217010498046875
1983-07-03-2300;-45.480732;-40.209106;15;15;-0.0005310048874656379;827.4965209960938;49.542213439941406
1983-07-04-0000;-45.880512;-40.207855;15;15;-0.0005247148520300628;820.02392578125;48.36255645751953
1983-07-04-0100;-46.217072;-40.183685;15;15;-0.0005194525999384838;817.0348510742188;47.823360443115234
1983-07-04-0200;-46.567558;-40.152405;15;15;-0.0005192854404586629;809.5606689453125;48.625938415527344
1983-07-04-0300;-46.888657;-40.128784;15;15;-0.0005183085574723648;805.0770874023438;47.384281158447266
1983-07-04-0400;-47.286247;-40.13678;15;15;-0.00048443547414464387;804.3282470703125;46.481788635253906
1983-07-04-0500;-47.626312;-40.0784;15;15;-0.00046318483779857797;799.097412109375;47.51094436645508
1983-07-04-0600;-47.927494;-39.916931;15;15;-0.0004612352849624646;796.1083374023438;47.40106201171875
1983-07-04-0700;-48.207504;-39.727783;15;15;-0.0004687509648492631;796.1083374023438;46.06403732299805
1983-07-04-0800;-48.476963;-39.563965;15;15;-0.0004929390990249587;796.8556518554688;44.20423889160156
1983-07-04-0900;-48.706821;-39.39032;15;15;-0.0005190212140697222;800.5919189453125;44.108524322509766
1983-07-04-1000;-49.356987;-39.778778;15;15;-0.0005448907506056199;810.3079223632812;42.51460266113281
1983-07-04-1100;-49.620621;-39.76709;15;15;-0.0005517328939691436;804.3282470703125;42.03700256347656
1983-07-04-1200;-49.88126;-39.605164;15;15;-0.000596697462969896;805.8243408203125;41.808807373046875
1983-07-04-1300;-50.206112;-39.458038;15;15;-0.0006346546953937612;796.8556518554688;41.42485809326172
1983-07-04-1400;-50.51849;-39.373077;15;15;-0.0005963215830915987;793.1177368164062;40.47150802612305
1983-07-04-1500;-50.8218;-39.316132;15;15;-0.0005364240383538401;786.3923950195312;39.44614791870117
1983-07-04-1600;-51.137299;-39.28595;15;15;-0.0005036757478168851;783.4033203125;39.0500602722168
1983-07-04-1700;-51.39642;-39.292511;15;15;-0.000509690442715635;782.6560668945312;39.46407699584961
1983-07-04-1800;-51.680775;-39.311584;15;15;-0.0005159222777560344;784.1505737304688;39.86216354370117
1983-07-04-1900;-51.958744;-39.35144;15;15;-0.0005160677093679264;787.8869018554688;39.371158599853516
1983-07-04-2000;-52.248367;-39.426849;15;15;-0.0005030042889110132;790.128662109375;37.26494598388672
1983-07-04-2100;-52.547253;-39.505646;15;15;-0.00048059118072897773;793.8665771484375;38.10224914550781
1983-07-04-2200;-52.945267;-39.870361;15;15;-0.00045699717799288877;805.8243408203125;36.959503173828125
1983-07-04-2300;-53.217171;-39.934937;15;15;-0.00045756613348001655;813.2969360351562;37.23611831665039
1983-07-05-0000;-53.46962;-40.0513;15;15;-0.0004459804179367322;815.5387573242188;37.60252380371094
1983-07-05-0100;-53.692204;-40.212036;15;15;-0.0004260689696928106;817.7821044921875;38.04165267944336
1983-07-05-0200;-53.905735;-40.413208;15;15;-0.00042014973098390755;820.7711791992188;38.84001159667969
1983-07-05-0300;-54.115353;-40.656036;15;15;-0.00042603600932352814;826.0020141601562;39.36946105957031
1983-07-05-0400;-54.316227;-40.927704;15;15;-0.00042774166612661853;835.7179565429688;39.416690826416016
1983-07-05-0500;-54.508587;-41.225159;15;15;-0.0004356691077599087;836.4652099609375;39.0502815246582
1983-07-05-0600;-54.699059;-41.513916;15;15;-0.00044332657960466024;845.4339599609375;38.48721694946289
1983-07-05-0700;-54.870144;-41.823181;15;15;-0.00045125623711707026;852.9081420898438;37.72097396850586
1983-07-05-0800;-55.033466;-42.13324;15;15;-0.00044525721890021854;858.88623046875;37.06781768798828
1983-07-05-0900;-55.148869;-42.499054;15;15;-0.0004472585911342329;865.6131591796875;36.2000617980957
1983-07-05-1000;-55.21122;-42.358795;15;15;-0.00041396266863483205;882.8017578125;34.56093978881836
1983-07-05-1100;-55.305653;-42.82077;15;15;-0.0004076839346186207;886.5396728515625;33.77406311035156
1983-07-05-1200;-55.391857;-43.391998;15;15;-0.00041317526295535346;898.4974365234375;33.797393798828125
1983-07-05-1300;-55.469555;-43.98468;15;15;-0.0004107908817477881;900.7391967773438;33.80224609375
1983-07-05-1400;-55.538494;-44.567932;15;15;-0.00041202985440171556;908.2118530273438;33.60684585571289
1983-07-05-1500;-55.617397;-45.105927;15;15;-0.0004105772269759019;912.6969604492188;33.305511474609375
1983-07-05-1600;-55.695065;-45.590515;15;15;-0.0003911674331524913;919.4223022460938;32.85814666748047
1983-07-05-1700;-55.749962;-46.096771;15;15;-0.0003860089842424459;925.4019775390625;32.768577575683594
1983-07-05-1800;-55.781956;-46.578339;15;15;-0.00037490692896651395;932.1273803710938;32.75518035888672
1983-07-05-1900;-55.781887;-47.133759;15;15;-0.00036091314285055916;939.6015625;32.76448059082031
1983-07-05-2000;-55.755993;-47.746094;15;15;-0.0003580452921121296;948.5702514648438;32.76338195800781
1983-07-05-2100;-55.709244;-48.490692;15;15;-0.0003454545692273715;955.295654296875;32.994686126708984
1983-07-05-2200;-55.68885;-50.362335;15;15;-0.00033043589970941755;968.0022583007812;31.72091293334961
1983-07-05-2300;-55.554264;-51.291534;15;15;-0.0003141666431307643;978.4638671875;31.238401412963867
1983-07-06-0000;-55.302273;-52.422241;15;15;-0.0002993880154851744;984.443603515625;30.47808074951172
1983-07-06-0100;-54.974522;-53.536865;15;15;-0.0002903518668500406;991.9177856445312;29.943056106567383
1983-07-06-0200;-54.599209;-54.605865;15;15;-0.00027710113988105344;997.1486206054688;29.4927921295166
1983-07-06-0300;-54.213398;-55.501892;15;15;-0.00025848084001324777;1001.6321411132812;29.469648361206055
1983-07-06-0400;-53.963627;-56.001526;15;15;-0.000245001976435065;1007.61181640625;29.403539657592773
1983-07-06-0500;-53.769756;-56.356964;15;15;-0.0002350130200313955;1012.8426513671875;28.90986442565918
1983-07-06-0600;-53.595829;-56.600922;15;15;-0.0002259246617468451;1018.8223266601562;28.387556076049805
1983-07-06-0700;-53.457973;-56.762695;15;15;-0.00021669118684147142;1024.8004150390625;27.878034591674805
1983-07-06-0800;-53.29398;-56.919861;15;15;-0.00020423648893257019;1028.538330078125;27.290016174316406
1983-07-06-0900;-53.1395;-57.040405;15;15;-0.00019194729258554353;1037.507080078125;26.345094680786133
1983-07-06-1000;-52.873348;-56.898163;15;15;-0.00017065137684128115;1044.232421875;23.420928955078125
1983-07-06-1100;-52.754311;-56.921234;15;15;-0.00016450591711151034;1046.4742431640625;22.729564666748047
1983-07-06-1200;-52.666122;-56.957367;15;15;-0.00016393525278004693;1052.453857421875;21.99978256225586
1983-07-06-1300;-52.552391;-56.996796;15;15;-0.00016659696935022374;1054.6956787109375;21.575136184692383
1983-07-06-1400;-52.404335;-57.052917;15;15;-0.00016032951566835688;1058.4320068359375;20.988548278808594
1983-07-06-1500;-52.258198;-57.104828;15;15;-0.00015134065820167505;1061.422607421875;20.204875946044922
1983-07-06-1600;-52.1077;-57.152344;15;15;-0.00014437573935898357;1065.158935546875;20.32754135131836
1983-07-06-1700;-51.967041;-57.139313;15;15;-0.00014119935861650374;1066.6534423828125;20.96880340576172
1983-07-06-1800;-51.835701;-57.085571;15;15;-0.00014149553229626563;1071.136962890625;21.460296630859375
1983-07-06-1900;-51.735691;-57.011871;15;15;-0.00014096372404321007;1074.8748779296875;21.942617416381836
1983-07-06-2000;-51.650253;-56.936218;15;15;-0.00014107365781475828;1078.6112060546875;22.180076599121094
1983-07-06-2100;-51.575596;-56.869659;15;15;-0.00013628714999058258;1082.3475341796875;22.018613815307617
1983-07-06-2200;-51.442684;-56.965515;15;15;-0.00013551875591232704;1091.316162109375;21.024412155151367
1983-07-06-2300;-51.337002;-56.833313;15;15;-0.00013337172387723568;1098.7904052734375;20.444793701171875
1983-07-07-0000;-51.209583;-56.680573;15;15;-0.00013367510341313283;1102.5267333984375;20.512022018432617
1983-07-07-0100;-51.102753;-56.554779;15;15;-0.00013698171875643807;1109.253662109375;20.592226028442383
1983-07-07-0200;-50.996643;-56.424622;15;15;-0.00013563104765326107;1113.7371826171875;21.09227752685547
1983-07-07-0300;-50.903244;-56.299225;15;15;-0.00013889502848956755;1119.7169189453125;21.747732162475586
1983-07-07-0400;-50.840515;-56.150787;15;15;-0.00014407667276860632;1125.6949462890625;22.340669631958008
1983-07-07-0500;-50.774109;-55.977356;15;15;-0.00014915581720193266;1134.6636962890625;22.216121673583984
1983-07-07-0600;-50.689434;-55.769165;15;15;-0.00015323133092471565;1140.641845703125;22.19432830810547
1983-07-07-0700;-50.567223;-55.546326;15;15;-0.00015759544859031137;1146.6214599609375;21.889442443847656
1983-07-07-0800;-50.445107;-55.314697;15;15;-0.0001531105403318879;1154.095703125;21.686922073364258
1983-07-07-0900;-50.313835;-55.036926;15;15;-0.00013914217928800117;1163.062744140625;21.345481872558594
1983-07-07-1000;-50.192039;-55.50885;15;15;-0.00013545166716434818;1167.5479736328125;20.874305725097656
1983-07-07-1100;-50.07011;-55.217926;15;15;-0.00012610005612669287;1177.263916015625;21.083736419677734
1983-07-07-1200;-49.962994;-54.823792;15;15;-0.00011866192019322175;1186.2310791015625;21.183040618896484
1983-07-07-1300;-49.872139;-54.47113;15;15;-0.00012579600772873162;1193.705322265625;21.515884399414062
1983-07-07-1400;-49.795574;-54.191284;15;15;-0.00012848109755973832;1200.4322509765625;22.062013626098633
1983-07-07-1500;-49.704601;-53.955658;15;15;-0.00012998757373239588;1207.1575927734375;22.17061996459961
1983-07-07-1600;-49.642975;-53.772919;15;15;-0.0001358903372530305;1211.6427001953125;22.142765045166016
1983-07-07-1700;-49.575165;-53.589661;15;15;-0.0001476376232402369;1216.1263427734375;22.363285064697266
1983-07-07-1800;-49.513165;-53.355347;15;15;-0.0001563579472013976;1222.853271484375;21.9698429107666
1983-07-07-1900;-49.470917;-53.054962;15;15;-0.00016555862468503921;1227.3367919921875;21.373987197875977
1983-07-07-2000;-49.450676;-52.627655;15;15;-0.00017181349056371605;1234.063720703125;20.236906051635742
1983-07-07-2100;-49.44532;-52.137909;15;15;-0.0001701466269578986;1238.5472412109375;19.60527801513672
1983-07-07-2200;-49.474407;-52.179932;15;15;-0.00015763526163473045;1249.7578125;19.2148494720459
1983-07-07-2300;-49.455292;-51.731323;15;15;-0.0001579435797701956;1256.483154296875;19.16998863220215
1983-07-08-0000;-49.434307;-51.310181;15;15;-0.00015056030522965556;1262.4627685546875;19.043930053710938
1983-07-08-0100;-49.434242;-50.896515;15;15;-0.00014282264121322517;1269.1898193359375;19.27140998840332
1983-07-08-0200;-49.457458;-50.452881;15;15;-0.00013602556800024394;1272.926025390625;19.83698272705078
1983-07-08-0300;-49.475552;-50.004517;15;15;-0.00012980018728055235;1275.9151611328125;20.03337287902832
1983-07-08-0400;-49.490738;-49.575256;15;15;-0.0001211148859352774;1280.4002685546875;20.203359603881836
1983-07-08-0500;-49.49086;-49.215942;15;15;-0.0001161025832674078;1282.64208984375;19.839759826660156
1983-07-08-0600;-49.491013;-48.847412;15;15;-0.00012643481146892006;1282.64208984375;18.996225357055664
1983-07-08-0700;-49.492767;-48.449158;15;15;-0.00013183812987118234;1282.64208984375;18.27155876159668
1983-07-08-0800;-49.502132;-47.979034;15;15;-0.0001394662691908116;1284.8837890625;17.623781204223633
1983-07-08-0900;-49.553452;-47.451233;15;15;-0.0001376306135575682;1288.6201171875;16.72970199584961
1983-07-08-1000;-49.359505;-47.712036;15;15;-0.00013532225580051288;1291.6107177734375;14.78812026977539
1983-07-08-1100;-49.400734;-47.199982;15;15;-0.00013192779481746087;1292.3580322265625;14.329659461975098
1983-07-08-1200;-49.440163;-46.731995;15;15;-0.00012746629389336837;1292.3580322265625;13.860190391540527
1983-07-08-1300;-49.449448;-46.308899;15;15;-0.0001272082085563298;1288.6201171875;13.492317199707031
1983-07-08-1400;-49.436234;-45.892578;15;15;-0.00012631254507146307;1283.3892822265625;13.487699508666992
1983-07-08-1500;-49.392117;-45.531769;15;15;-0.00012104789069485345;1282.64208984375;13.655499458312988
1983-07-08-1600;-49.345013;-45.115601;15;15;-0.00011776667548281104;1276.662353515625;13.749141693115234
1983-07-08-1700;-49.361046;-44.645599;15;15;-0.0001156704716504726;1271.4315185546875;13.511251449584961
1983-07-08-1800;-49.421494;-44.149719;15;15;-0.00011388309940851967;1267.693603515625;13.088177680969238
1983-07-08-1900;-49.49971;-43.727234;15;15;-0.00011007635258922243;1261.715576171875;12.871158599853516
1983-07-08-2000;-49.593426;-43.314087;15;15;-0.00010506617729881753;1251.9996337890625;12.676190376281738
1983-07-08-2100;-49.693733;-42.904358;15;15;-0.00010360045356389751;1247.5159912109375;13.110321044921875
1983-07-08-2200;-50.513611;-41.610077;15;15;-0.000118437520652936;1227.3367919921875;14.445353507995605
1983-07-08-2300;-50.645695;-41.2677;15;15;-0.00011563786117246985;1225.84228515625;15.075156211853027
1983-07-09-0000;-50.823849;-40.838348;15;15;-0.00011120112705107332;1215.3790283203125;15.631165504455566
1983-07-09-0100;-51.011814;-40.415497;15;15;-0.000107303744183221;1207.1575927734375;15.84616756439209
1983-07-09-0200;-51.147072;-40.017944;15;15;-0.00010583274586479197;1200.4322509765625;15.761422157287598
1983-07-09-0300;-51.257843;-39.64035;15;15;-0.00010462524229932761;1190.7161865234375;16.092639923095703
1983-07-09-0400;-51.255768;-39.381531;15;15;-0.00010200832261506786;1184.736572265625;16.412353515625
1983-07-09-0500;-51.246399;-39.086456;15;15;-9.742384709792608e-05;1182.4947509765625;16.4825439453125
1983-07-09-0600;-51.239281;-38.712524;15;15;-9.396963178773059e-05;1179.5057373046875;16.967004776000977
1983-07-09-0700;-51.284012;-38.252197;15;15;-9.271224099745377e-05;1167.5479736328125;19.529220581054688
1983-07-09-0800;-51.35878;-37.732269;15;15;-9.074279375677532e-05;1166.8006591796875;19.31245231628418
1983-07-09-0900;-51.495785;-37.09314;15;15;-8.626674093232719e-05;1163.81005859375;19.488130569458008
1983-07-09-1000;-51.474106;-36.721344;15;15;-9.83682450615917e-05;1154.8428955078125;20.40488052368164
1983-07-09-1100;-51.636818;-36.04599;15;15;-0.00011002123361041707;1141.390625;21.355262756347656
1983-07-09-1200;-51.783772;-35.453705;15;15;-0.00011154870478134798;1133.169189453125;20.63858985900879
1983-07-09-1300;-51.868256;-34.896698;15;15;-0.00012187229799582443;1130.18017578125;20.12700843811035
1983-07-09-1400;-51.937027;-34.363312;15;15;-0.00012311728764575173;1126.4422607421875;20.26934242248535
1983-07-09-1500;-52.028263;-33.843018;15;15;-0.00011805690009864684;1119.7169189453125;20.58755874633789
1983-07-09-1600;-52.148178;-33.321381;15;15;-0.00011355179367085496;1115.231689453125;20.693021774291992
1983-07-09-1700;-52.216434;-32.859406;15;15;-0.00011046365758064955;1112.989990234375;20.556018829345703
1983-07-09-1800;-52.328991;-32.344513;15;15;-0.00011086504953421998;1107.7591552734375;20.28257942199707
1983-07-09-1900;-52.449081;-31.855988;15;15;-0.00010784763784531015;1107.0118408203125;20.02619171142578
1983-07-09-2000;-52.558102;-31.350311;15;15;-9.874214229176111e-05;1099.5377197265625;20.059612274169922
1983-07-09-2100;-52.734451;-30.752228;15;15;-9.258808692510348e-05;1100.284912109375;20.416006088256836
1983-07-09-2200;-53.125397;-30.391052;15;15;-0.00010448899133060926;1086.0853271484375;21.252674102783203
1983-07-09-2300;-53.303185;-29.740356;15;15;-0.00010991682627885379;1083.0963134765625;21.930269241333008
1983-07-10-0000;-53.481796;-29.061066;15;15;-0.00010918251051150345;1083.0963134765625;22.346080780029297
1983-07-10-0100;-53.679451;-28.392029;15;15;-0.00011729479708226329;1083.0963134765625;22.162010192871094
1983-07-10-0200;-53.844456;-27.734711;15;15;-0.00012200632036020483;1081.6002197265625;21.930997848510742
1983-07-10-0300;-53.941765;-27.145782;15;15;-0.00011671569211979904;1084.5908203125;21.307464599609375
1983-07-10-0400;-54.075241;-26.592163;15;15;-0.00011976726785608003;1079.3583984375;20.557626724243164
1983-07-10-0500;-54.218979;-26.06842;15;15;-0.00011713761094773817;1082.3475341796875;19.3850040435791
1983-07-10-0600;-54.34404;-25.598236;15;15;-0.00011888650088878085;1080.8529052734375;18.49268341064453
1983-07-10-0700;-54.518188;-25.117523;15;15;-0.00012179128990170904;1080.105712890625;17.893564224243164
1983-07-10-0800;-54.656414;-24.560303;15;15;-0.00012125971343695033;1086.0853271484375;17.911758422851562
1983-07-10-0900;-54.782089;-23.924866;15;15;-0.00012106424552790356;1089.8216552734375;17.931188583374023
1983-07-10-1000;-54.949879;-23.291901;15;15;-0.00012020274438682567;1096.548583984375;18.00275993347168
1983-07-10-1100;-54.909672;-22.604706;15;15;-0.00011079552733396977;1101.0322265625;17.537673950195312
1983-07-10-1200;-54.832947;-21.902893;15;15;-0.00010238646574084009;1105.5157470703125;17.20341682434082
1983-07-10-1300;-54.71246;-21.232147;15;15;-9.409293541129536e-05;1112.24267578125;17.036518096923828
1983-07-10-1400;-54.615097;-20.592621;15;15;-9.877692640354378e-05;1115.97900390625;17.220516204833984
1983-07-10-1500;-54.554264;-19.99115;15;15;-9.997064558920263e-05;1116.726318359375;17.264516830444336
1983-07-10-1600;-54.522629;-19.384338;15;15;-0.00010147354978867538;1121.21142578125;17.1713809967041
1983-07-10-1700;-54.51593;-18.807251;15;15;-0.00010348502446406325;1122.7059326171875;16.731178283691406
1983-07-10-1800;-54.515656;-18.225861;15;15;-0.0001019644764686078;1127.189453125;16.728479385375977
1983-07-10-1900;-54.511292;-17.630066;15;15;-9.674934311978083e-05;1127.189453125;16.976869583129883
