time;Lat;Lon;length;width;min_zeta_850;min_hgt_850;max_wind_850
2015-12-12-0600;-32.116959;-58.161591;15;15;-2.852638489739877e-06;1384.4735107421875;23.208648681640625
2015-12-12-0700;-32.229259;-57.55188;15;15;1.2434177318038182e-05;1385.22705078125;23.540178298950195
2015-12-12-0800;-32.361614;-56.949219;15;15;-1.5700835884635868e-06;1383.7198486328125;23.568767547607422
2015-12-12-0900;-32.360844;-56.566162;15;15;-2.4572246713490733e-05;1386.734375;23.61747169494629
2015-12-12-1000;-32.309383;-56.217621;15;15;-4.0345100882687655e-05;1388.2415771484375;23.70625114440918
2015-12-12-1100;-32.671021;-55.6521;15;15;-2.74266111981351e-05;1390.5009765625;23.13959312438965
2015-12-12-1200;-32.835678;-55.185547;15;15;-3.409211636797805e-05;1386.734375;22.72784996032715
2015-12-12-1300;-32.955219;-54.837921;15;15;-2.13218650037572e-05;1391.2545166015625;22.49766731262207
2015-12-12-1400;-34.427872;-53.37674;15;15;4.230191921394105e-05;1370.1544189453125;22.6488037109375
2015-12-12-1500;-34.94619;-52.92041;15;15;5.654303813629729e-05;1364.126953125;23.165355682373047
2015-12-12-1600;-35.403801;-52.454071;15;15;6.227704219778036e-05;1358.097900390625;23.508161544799805
2015-12-12-1700;-35.775379;-51.724426;15;15;5.863450923230965e-05;1351.315185546875;23.43214988708496
2015-12-12-1800;-35.813354;-51.052063;15;15;5.861109021244546e-05;1353.5760498046875;23.64475440979004
2015-12-12-1900;-36.087757;-50.384949;15;15;6.0104959479706785e-05;1350.5615234375;24.123748779296875
2015-12-12-2000;-36.23698;-49.723541;15;15;6.098901191906268e-05;1351.315185546875;24.27652931213379
2015-12-12-2100;-36.46566;-49.019012;15;15;5.9343157161720586e-05;1349.807861328125;24.527006149291992
2015-12-12-2200;-36.783432;-48.46756;15;15;5.6387023437243046e-05;1344.5340576171875;23.534423828125
2015-12-12-2300;-37.203838;-47.957123;15;15;5.819949183808133e-05;1346.041259765625;22.86760139465332
2015-12-13-0000;-37.527626;-47.521088;15;15;5.8108786988304473e-05;1343.0267333984375;23.130685806274414
2015-12-13-0100;-37.957245;-47.065308;15;15;6.143875372783742e-05;1344.5340576171875;23.97449493408203
2015-12-13-0200;-38.763206;-45.549896;15;15;6.49390079994564e-05;1326.4483642578125;24.92858123779297
2015-12-13-0300;-39.234646;-45.041931;15;15;4.6320605087653e-05;1320.4193115234375;25.64344596862793
2015-12-13-0400;-39.702087;-44.576752;15;15;2.0707504481206274e-05;1314.3902587890625;26.067548751831055
2015-12-13-0500;-40.057274;-44.129639;15;15;1.986598573745049e-05;1309.1148681640625;26.422670364379883
2015-12-13-0600;-40.318367;-43.663452;15;15;2.4834479469793505e-05;1307.609130859375;27.267131805419922
2015-12-13-0700;-40.632332;-43.159698;15;15;3.359052536705079e-05;1310.6220703125;27.77785873413086
2015-12-13-0800;-40.989712;-42.726196;15;15;3.4554177137817586e-05;1309.1148681640625;28.89840316772461
2015-12-13-0900;-41.446941;-42.325592;15;15;1.4593146153493776e-05;1309.8685302734375;29.915260314941406
2015-12-13-1000;-42.091507;-41.90097;15;15;-3.372598457986347e-05;1303.8409423828125;30.929380416870117
2015-12-13-1100;-42.781212;-41.468689;15;15;-1.717539182050858e-05;1300.0728759765625;30.955455780029297
