time;Lat;Lon;length;width;min_zeta_850;min_hgt_850;max_wind_850
2007-06-14-0600;-27.975456;-61.329132;15.0;15.0;-0.00034273222820648973;1073.75;36.83030700683594
2007-06-14-0700;-28.465531999999996;-61.33609;14.999999999999996;15.0;-0.00032374643018028416;1070.0615234375;36.91930389404297
2007-06-14-0800;-28.726301;-61.384613;15.0;15.0;-0.00032546803744314796;1067.848388671875;36.23427963256836
2007-06-14-0900;-29.182680000000005;-61.138367;15.000000000000004;15.0;-0.0003445840077668795;1064.159912109375;35.015777587890625
2007-06-14-1000;-29.534241;-60.889587000000006;15.0;15.000000000000007;-0.0003747426888926863;1048.668212890625;36.141536712646484
2007-06-14-1100;-29.894609000000003;-60.960601999999994;15.000000000000004;14.999999999999993;-0.00038183252733884585;1053.83203125;35.8967170715332
2007-06-14-1200;-30.193987;-60.66735800000001;15.0;15.000000000000007;-0.00041346094584348805;1053.83203125;36.15896987915039
2007-06-14-1300;-30.505301000000003;-59.892639;15.000000000000004;15.0;-0.0004097378703575116;1056.045166015625;35.948280334472656
2007-06-14-1400;-30.813649999999996;-59.24490399999999;14.999999999999996;14.999999999999993;-0.00047498769344471193;1056.045166015625;35.87046813964844
2007-06-14-1500;-30.921602;-59.10891699999999;15.0;14.999999999999993;-0.00045444134272237244;1056.045166015625;35.63447952270508
2007-06-14-1600;-30.947687000000002;-59.007262999999995;15.000000000000004;14.999999999999993;-0.0004708503826987224;1057.5206298828125;35.33367156982422
2007-06-14-1700;-30.984970000000004;-58.877196999999995;15.000000000000004;14.999999999999993;-0.00043319201343632095;1061.2091064453125;34.89531707763672
2007-06-14-1800;-31.073533999999995;-58.66909799999999;14.999999999999996;14.999999999999993;-0.0004139750070374287;1065.63525390625;34.84769058227539
2007-06-14-1900;-31.075764;-58.467285000000004;15.0;15.000000000000007;-0.00043437384344614317;1069.3238525390625;34.55765151977539
2007-06-14-2000;-31.033939000000004;-58.213623;15.000000000000004;15.0;-0.0004402310836095938;1071.536865234375;34.7252311706543
2007-06-14-2100;-31.130871;-57.840851;15.0;15.0;-0.0004439139616254872;1076.7008056640625;34.10869598388672
2007-06-14-2200;-31.214067;-57.415741;15.0;15.0;-0.0004362885696512421;1087.0269775390625;33.62740707397461
2007-06-14-2300;-31.261564;-57.07513399999999;15.0;14.999999999999993;-0.00042984092457493193;1085.5516357421875;33.575103759765625
2007-06-15-0000;-31.268589;-56.738556;15.0;15.0;-0.0004366654720247572;1090.715576171875;33.1796989440918
2007-06-15-0100;-31.332853;-56.287628;15.0;15.0;-0.00045649663644820764;1092.9285888671875;33.38175964355469
2007-06-15-0200;-31.519760000000005;-55.562408;15.000000000000004;15.0;-0.0004941884948964701;1097.3548583984375;34.30061340332031
2007-06-15-0300;-31.62693;-54.93338;15.0;15.0;-0.0005267796069356829;1098.092529296875;34.86936950683594
2007-06-15-0400;-31.931939999999997;-53.958344;14.999999999999996;15.0;-0.0005367359999033133;1100.3056640625;36.53648376464844
2007-06-15-0500;-32.106724;-53.090851;15.0;15.0;-0.0005113838568582946;1103.994140625;37.824729919433594
2007-06-15-0600;-32.40633;-52.233429;15.0;15.0;-0.0004825644955573931;1109.895751953125;39.03562545776367
2007-06-15-0700;-32.754761;-51.269592;15.0;15.0;-0.00048282821509236946;1115.0596923828125;39.62770080566406
2007-06-15-0800;-32.998081;-50.560577;15.0;15.0;-0.00047217815679574844;1121.698974609375;39.608272552490234
2007-06-15-0900;-33.398506;-49.71463;15.0;15.0;-0.0004189625330305045;1126.1251220703125;39.686058044433594
2007-06-15-1000;-33.648731;-48.948853;15.0;15.0;-0.0003725092080264276;1137.190673828125;42.58769607543945
2007-06-15-1100;-33.870094;-48.219116;15.0;15.0;-0.00035170426428985155;1137.9283447265625;42.10689926147461
2007-06-15-1200;-34.049385;-47.649323;15.0;15.0;-0.00033770149545626465;1144.5677490234375;42.4775276184082
2007-06-15-1300;-34.169807;-47.070374;15.0;15.0;-0.000357240503789022;1146.0430908203125;42.4710578918457
2007-06-15-1400;-34.555046;-46.425873;15.0;15.0;-0.0003459768490569312;1151.2054443359375;40.794681549072266
2007-06-15-1500;-34.713242;-45.781097;15.0;15.0;-0.0003238570691425161;1154.8939208984375;40.89743423461914
2007-06-15-1600;-34.802826;-45.165985;15.0;15.0;-0.00031149235844199236;1156.3692626953125;41.32099151611328
2007-06-15-1700;-34.979679;-44.508484;15.0;15.0;-0.0002962495141713718;1147.5185546875;41.56724166870117
2007-06-15-1800;-35.124699;-43.861755;15.0;15.0;-0.00032105946997387547;1144.5677490234375;41.023170471191406
2007-06-15-1900;-35.267982;-43.124786;15.0;15.0;-0.00035459308677640637;1145.305419921875;40.71900177001953
2007-06-15-2000;-35.445816;-42.456024;15.0;15.0;-0.00037236133712303563;1145.305419921875;41.0311393737793
2007-06-15-2100;-35.592041;-41.881927;15.0;15.0;-0.0003922470705528088;1144.5677490234375;41.16120910644531
2007-06-15-2200;-35.715649;-41.32901;15.0;15.0;-0.000440209672956676;1145.305419921875;40.980812072753906
2007-06-15-2300;-36.072487;-40.710693;15.0;15.0;-0.00045561070527485876;1143.8299560546875;41.34556579589844
2007-06-16-0000;-36.281094;-40.099701;15.0;15.0;-0.00047115852343362354;1143.8299560546875;41.54816436767578
2007-06-16-0100;-36.521957;-39.462036;15.0;15.0;-0.0004619110929944937;1140.1414794921875;42.03609085083008
2007-06-16-0200;-36.83456;-38.664307;15.0;15.0;-0.0004971783258496171;1137.190673828125;42.4036979675293
2007-06-16-0300;-37.064594;-38.089142;15.0;15.0;-0.0005230089619418135;1134.9775390625;43.84083557128906
2007-06-16-0400;-37.23587;-37.466949;15.0;15.0;-0.0005482784787695872;1133.502197265625;44.20334243774414
2007-06-16-0500;-37.404381;-36.868134;15.0;15.0;-0.0005409934975183032;1128.3382568359375;42.134788513183594
2007-06-16-0600;-37.591778;-36.346588;15.0;15.0;-0.0004884876510074995;1126.8629150390625;41.66792678833008
2007-06-16-0700;-37.837978;-35.803497;15.0;15.0;-0.00045157609530860923;1125.387451171875;42.02508544921875
2007-06-16-0800;-38.08683;-35.247559;15.0;15.0;-0.00041363058366121095;1122.4366455078125;42.76718521118164
2007-06-16-0900;-38.335438;-34.610535;15.0;15.0;-0.00037386028364185116;1119.48583984375;41.42012405395508
2007-06-16-1000;-38.609852;-34.034302;15.0;15.0;-0.0003530801600874218;1108.42041015625;41.31515884399414
2007-06-16-1100;-38.87199;-33.454071;15.0;15.0;-0.0003098860472430623;1102.518798828125;40.32695007324219
2007-06-16-1200;-39.12896;-32.839447;15.0;15.0;-0.00029074535934073715;1095.87939453125;39.886817932128906
2007-06-16-1300;-39.334412;-32.248291;15.0;15.0;-0.0002775339429636992;1089.2401123046875;40.423397064208984
2007-06-16-1400;-39.711109;-31.586822999999995;15.0;14.999999999999996;-0.0002603550107539033;1084.076171875;39.355106353759766
2007-06-16-1500;-39.922337;-31.016875999999996;15.0;14.999999999999996;-0.00029212175183541744;1080.3876953125;40.94876480102539
2007-06-16-1600;-40.143784;-30.418762;15.0;15.0;-0.0003337713138193675;1078.912353515625;41.7065544128418
2007-06-16-1700;-40.331356;-29.775604;15.0;15.0;-0.00034019090226923603;1073.75;40.69956588745117
2007-06-16-1800;-40.548031;-29.090607;15.0;15.0;-0.0003255836519592041;1072.274658203125;41.11602783203125
2007-06-16-1900;-40.82254;-28.436005;15.0;15.0;-0.0002989842092514392;1072.274658203125;41.495819091796875
2007-06-16-2000;-41.070381;-27.801544;15.0;15.0;-0.0002729826783833103;1070.0615234375;41.08598709106445
2007-06-16-2100;-41.328354;-27.105193999999997;15.0;14.999999999999996;-0.0002694072160127379;1069.3238525390625;41.08124542236328
2007-06-16-2200;-41.568691;-26.425385;15.0;15.0;-0.0002893099682815972;1050.1435546875;41.6359977722168
2007-06-16-2300;-41.769184;-25.697479;15.0;15.0;-0.000289855102417452;1047.1927490234375;43.861061096191406
2007-06-17-0000;-41.944988;-25.041534;15.0;15.0;-0.0002997796038712445;1044.9796142578125;43.449562072753906
2007-06-17-0100;-42.192314;-24.323486;15.0;15.0;-0.0002911211204196946;1042.02880859375;45.36347961425781
2007-06-17-0200;-42.418732;-23.502655;15.0;15.0;-0.0002929331885030046;1041.2911376953125;46.61124038696289
2007-06-17-0300;-42.726391;-22.779694;15.0;15.0;-0.0002778299312720567;1036.864990234375;47.158931732177734
2007-06-17-0400;-43.04216;-22.126923;15.0;15.0;-0.00031845978484244765;1030.96337890625;46.91964340209961
2007-06-17-0500;-43.387085;-21.448364;15.0;15.0;-0.00027566215245837587;1029.4879150390625;45.42324447631836
2007-06-17-0600;-43.725826;-20.753387;15.0;15.0;-0.0002624292122464379;1027.27490234375;44.74248123168945
2007-06-17-0700;-44.084175;-20.044556;15.0;15.0;-0.0002673667741328093;1028.0125732421875;46.74085235595703
2007-06-17-0800;-44.452648;-19.337982;15.0;15.0;-0.0002674667879120267;1027.27490234375;47.31309509277344
2007-06-17-0900;-44.85001;-18.634125;15.0;15.0;-0.00026350099514069794;1025.061767578125;46.44356155395508
2007-06-17-1000;-45.217304;-17.913849;15.0;15.0;-0.00028934707232956483;1009.5700073242188;46.86365509033203
2007-06-17-1100;-45.589211;-17.234192;15.0;15.0;-0.0002936806383372709;1010.3077392578125;45.599525451660156
2007-06-17-1200;-46.000462;-16.587067;15.0;15.0;-0.00028586224426528097;1009.5700073242188;45.9213752746582
2007-06-17-1300;-46.371483;-15.937714;15.0;15.0;-0.0002519453835623576;1004.40771484375;46.35622787475586
2007-06-17-1400;-46.883263;-15.260925;15.0;15.0;-0.00023657557719309423;1002.9323120117188;44.82698440551758
2007-06-17-1500;-47.222549;-14.565063000000002;15.0;15.000000000000002;-0.0002221842457559707;999.2437744140625;43.52877426147461
2007-06-17-1600;-47.560753;-13.880614999999999;15.0;14.999999999999998;-0.00020081148821751143;997.0307006835938;44.18387985229492
2007-06-17-1700;-47.909977;-13.261414000000002;15.0;15.000000000000002;-0.00018508019955770498;991.8668212890625;45.062225341796875
2007-06-17-1800;-48.247726;-12.604461999999998;15.0;14.999999999999998;-0.00017673356768397312;991.8668212890625;45.203678131103516
2007-06-17-1900;-48.551617;-11.956817999999998;15.0;14.999999999999998;-0.00016270807080957946;993.3421630859375;45.30465316772461
2007-06-17-2000;-48.864784;-11.328552000000002;15.0;15.000000000000002;-0.00014386812669795425;997.0307006835938;45.203636169433594
2007-06-17-2100;-49.173416;-10.719452;15.0;15.0;-0.0001497623911090005;997.0307006835938;44.78456115722656
2007-06-17-2200;-49.491188;-10.1604;15.0;15.0;-0.00015589855862950102;1004.40771484375;44.032527923583984
2007-06-17-2300;-49.821053;-9.606323;15.0;15.0;-0.00015028742184653308;1007.35693359375;43.6176643371582
2007-06-18-0000;-50.122658;-9.154204999999997;15.0;14.999999999999998;-0.00014245279634404927;1011.04541015625;43.60899353027344
2007-06-18-0100;-50.419666;-8.647033999999998;15.0;14.999999999999998;-0.00014119240912646792;1006.6207885742188;43.119911193847656
2007-06-18-0200;-50.686111;-8.068024;15.0;15.0;-0.00014365336084050945;1000.7191772460938;42.446475982666016
2007-06-18-0300;-50.96286;-7.691832999999999;15.0;15.0;-0.00015369183906692845;994.8175659179688;41.52019500732422
2007-06-18-0400;-51.219063;-7.283356000000001;15.0;15.0;-0.00015625810812214635;991.1290893554688;40.54290771484375
2007-06-18-0500;-51.462185;-6.902985000000001;15.0;15.0;-0.00016272544895960456;983.014404296875;39.90201187133789
2007-06-18-0600;-51.684696;-6.520203;15.0;15.0;-0.00016957103766643836;978.5881958007812;40.68598175048828
2007-06-18-0700;-51.913967;-6.088837;15.0;15.0;-0.00016393418032141816;977.11279296875;40.919742584228516
2007-06-18-0800;-52.122074;-5.671417;15.0;15.0;-0.0001612237567239231;972.6865844726562;41.41592025756836
2007-06-18-0900;-52.313992;-5.280792;15.0;15.0;-0.00018317139223779198;968.2603759765625;41.88237762451172
2007-06-18-1000;-52.519043;-4.8508;15.0;15.0;-0.00021438402905615174;959.407958984375;43.32526397705078
2007-06-18-1100;-52.705349;-4.459869000000001;15.0;15.0;-0.0002400956885046115;955.7194213867188;43.518951416015625
2007-06-18-1200;-52.851864;-4.052795;15.0;15.0;-0.00027030993808442025;952.0309448242188;43.87161636352539
2007-06-18-1300;-52.970482;-3.6522520000000003;15.0;15.0;-0.0002900066527457805;944.6539306640625;43.99368667602539
2007-06-18-1400;-53.13068;-3.366821;15.0;15.0;-0.0002910543071901028;941.703125;44.3305778503418
2007-06-18-1500;-53.239483;-2.8523859999999996;15.0;15.0;-0.00029425518483620276;938.0146484375;43.30061340332031
2007-06-18-1600;-53.365162;-2.2832639999999995;15.0;15.0;-0.0002857430433568917;936.5392456054688;42.67131805419922
2007-06-18-1700;-53.447411;-1.7371219999999998;15.0;15.0;-0.0002642915906047534;934.3276977539062;42.37866973876953
2007-06-18-1800;-53.518646;-1.185333;15.0;15.0;-0.00024772424272387166;933.5900268554688;42.198646545410156
2007-06-18-1900;-53.642212;-0.5941159999999996;15.0;15.0;-0.0002298998591466479;935.0654296875;42.55051040649414
2007-06-18-2000;-53.712502;0.0009670000000001622;15.0;15.0;-0.00021405631841678462;936.5392456054688;43.287105560302734
2007-06-18-2100;-53.782898;0.6176130000000004;15.0;15.0;-0.00020507453812264832;940.2277221679688;42.983543395996094
2007-06-18-2200;-53.872578;1.264023;15.0;15.0;-0.0001907282013334661;938.7523193359375;43.15873336791992
2007-06-18-2300;-53.91164;1.8905349999999999;15.0;15.0;-0.0002014730007303544;937.2769165039062;42.677555084228516
2007-06-19-0000;-53.975037;2.5713340000000002;15.0;15.0;-0.0002289969875557103;937.2769165039062;42.74386978149414
2007-06-19-0100;-54.043732;3.2468299999999997;15.0;15.0;-0.00027302767239217445;938.0146484375;42.45592498779297
2007-06-19-0200;-54.077873;3.882567;15.0;15.0;-0.0002629044550693442;933.5900268554688;41.62873077392578
2007-06-19-0300;-54.172642;4.533836000000001;15.0;15.0;-0.00029688297092833545;935.801513671875;41.73033905029297
2007-06-19-0400;-54.244213;5.241956999999999;15.0;15.0;-0.0002827588279226099;935.0654296875;42.012420654296875
2007-06-19-0500;-54.302395;5.983692;15.0;15.0;-0.0002806440970335805;936.5392456054688;41.949832916259766
2007-06-19-0600;-54.364529;6.759217;15.0;15.0;-0.00028070152100260175;938.0146484375;42.250125885009766
2007-06-19-0700;-54.435604;7.4809149999999995;15.0;15.0;-0.0002603123271520486;944.6539306640625;41.914093017578125
2007-06-19-0800;-54.45002;8.180787;15.0;15.0;-0.0002468176769655554;949.8178100585938;41.0820426940918
2007-06-19-0900;-54.497009;8.863464999999998;15.0;14.999999999999998;-0.00023259205568065865;957.19482421875;40.41323471069336
2007-06-19-1000;-54.535515;9.606205;15.0;15.0;-0.0002370229708814089;966.0472412109375;38.821876525878906
2007-06-19-1100;-54.579369;10.352373;15.0;15.0;-0.000263959912854462;971.211181640625;38.22716522216797
2007-06-19-1200;-54.660912;11.106275;15.0;15.0;-0.00027454979272413;971.211181640625;37.47481918334961
2007-06-19-1300;-54.726814;11.92277;15.0;15.0;-0.00029769915006100313;979.3258666992188;37.54893112182617
2007-06-19-1400;-54.951614;12.467438999999999;15.0;14.999999999999998;-0.0003144913618544183;983.7520751953125;37.404117584228516
2007-06-19-1500;-54.987068;13.317576000000003;15.0;15.000000000000002;-0.00031240543052804955;989.6536865234375;36.35927200317383
2007-06-19-1600;-55.007149;14.09515;15.0;15.0;-0.00031120455258662363;996.29296875;36.05280685424805
2007-06-19-1700;-55.004578;14.852507;15.0;15.0;-0.000313372463712878;1000.7191772460938;35.60700607299805
2007-06-19-1800;-54.991215;15.565258;15.0;15.0;-0.0003032628060787217;1008.8323364257812;34.956478118896484
2007-06-19-1900;-54.972191;16.288481;15.0;15.0;-0.00028924351751536206;1014.7339477539062;34.99696350097656
2007-06-19-2000;-54.971798;17.09482;15.0;15.0;-0.0002701580948251505;1022.8486328125;35.158470153808594
2007-06-19-2100;-54.993374;17.898291;15.0;15.0;-0.00026070055567826295;1030.96337890625;34.86172103881836
2007-06-19-2200;-54.984753;18.704802;15.0;15.0;-0.00023787709419606723;1042.02880859375;35.845359802246094
2007-06-19-2300;-54.967495;19.535488;15.0;15.0;-0.00024128931992890582;1048.668212890625;35.85258865356445
2007-06-20-0000;-54.932491;20.294043;15.0;15.0;-0.00022775319368411817;1061.2091064453125;36.40517807006836
2007-06-20-0100;-54.902668;21.006546;15.0;15.0;-0.0002197167744035206;1067.848388671875;36.95737838745117
2007-06-20-0200;-54.862862;21.717367;15.0;15.0;-0.00021177418536599843;1077.4384765625;37.102413177490234
2007-06-20-0300;-54.81715;22.386503;15.0;15.0;-0.00020516708684204757;1085.5516357421875;37.10533142089844
2007-06-20-0400;-54.723698;23.054733;15.0;15.0;-0.0002054024957935915;1092.19091796875;37.034732818603516
2007-06-20-0500;-54.62709;23.730478;15.0;15.0;-0.00022711243849801366;1101.781005859375;36.51113510131836
2007-06-20-0600;-54.503704;24.430399;15.0;15.0;-0.00023443714083082296;1110.6334228515625;37.64150619506836
2007-06-20-0700;-54.388237;25.096863;15.0;15.0;-0.0002266833909877684;1115.79736328125;38.23038101196289
2007-06-20-0800;-54.320126;25.731972;15.0;15.0;-0.00020078984268390024;1122.4366455078125;38.4074821472168
2007-06-20-0900;-54.277931;26.392662;15.0;15.0;-0.00020191557636929143;1109.1580810546875;38.19459915161133
2007-06-20-1000;-54.229435;27.092023999999995;15.0;14.999999999999996;-0.00021038554741036443;1098.092529296875;36.87628173828125
2007-06-20-1100;-54.176868;27.780197;15.0;15.0;-0.00020299048625294517;1084.076171875;37.2408447265625
2007-06-20-1200;-54.090298;28.484505;15.0;15.0;-0.00020925549294754627;1078.912353515625;37.695289611816406
2007-06-20-1300;-53.961033;29.231642;15.0;15.0;-0.00023682563507181062;1064.159912109375;38.56588363647461
2007-06-20-1400;-54.033829;30.197798;15.0;15.0;-0.0002617991160350913;1052.356689453125;38.612335205078125
2007-06-20-1500;-53.858047;30.979102999999995;15.0;14.999999999999996;-0.0002572952530578288;1045.7174072265625;37.599334716796875
2007-06-20-1600;-53.629723;31.708645000000004;15.0;15.000000000000004;-0.00024207350001160022;1042.02880859375;37.7098388671875
2007-06-20-1700;-53.387566;32.405308;15.0;15.0;-0.0002303215005449053;1035.3895263671875;37.99578857421875
2007-06-20-1800;-53.192574;33.096207;15.0;15.0;-0.00021254026588586985;1028.750244140625;37.92927551269531
2007-06-20-1900;-53.041103;33.784534;15.0;15.0;-0.0002066509437531142;1021.3732299804688;37.235111236572266
2007-06-20-2000;-52.940479;34.454777;15.0;15.0;-0.0001995849491884462;1018.4224243164062;36.084224700927734
2007-06-20-2100;-52.828514;35.12442;15.0;15.0;-0.0001988103275370085;1013.9962158203125;37.020870208740234
2007-06-20-2200;-52.75658;35.849392;15.0;15.0;-0.0002198654609422006;1012.5208129882812;37.804718017578125
2007-06-20-2300;-52.655121;36.520069;15.0;15.0;-0.0002165010406131904;1009.5700073242188;36.634883880615234
2007-06-21-0000;-52.505756;37.110023;15.0;15.0;-0.00021441840755216565;1014.7339477539062;35.56308364868164
2007-06-21-0100;-52.287029;37.670895;15.0;15.0;-0.00022020643551161275;1015.4716186523438;35.54823303222656
2007-06-21-0200;-52.55024;38.381878;15.0;15.0;-0.0002172158853094504;1011.7831420898438;37.1168098449707
2007-06-21-0300;-52.278645;38.879429;15.0;15.0;-0.000220728444879572;1008.8323364257812;37.383544921875
2007-06-21-0400;-52.074005;39.417728;15.0;15.0;-0.0002404626275888048;1008.0946044921875;37.05433654785156
2007-06-21-0500;-51.858559;39.95306;15.0;15.0;-0.0002468475560781291;1005.8831176757812;36.58516311645508
2007-06-21-0600;-51.666561;40.45142;15.0;15.0;-0.00023399097839371406;1009.5700073242188;35.84035110473633
2007-06-21-0700;-51.431183;40.930992;15.0;15.0;-0.0002430252515443956;1012.5208129882812;35.3204231262207
2007-06-21-0800;-51.099831;41.403885;15.0;15.0;-0.0002323142238238224;1018.4224243164062;36.57942581176758
2007-06-21-0900;-50.565083;41.856182;15.0;15.0;-0.0002341056507428251;1023.5863647460938;36.955020904541016
2007-06-21-1000;-49.816025;42.331043;15.0;15.0;-0.00022249207681033996;1042.02880859375;37.024837493896484
2007-06-21-1100;-48.93367;42.830292;15.0;15.0;-0.00021919103145953098;1043.5042724609375;36.290740966796875
2007-06-21-1200;-47.882496;43.546085;15.0;15.0;-0.00020770887259505713;1047.930419921875;37.01676559448242
