time;Lat;Lon;length;width;min_zeta_850;min_hgt_850;max_wind_850
1984-06-23-2200;-27.305895;-61.849854;15;15;3.951160369883748e-05;1421.7122802734375;21.52549171447754
1984-06-23-2300;-27.852665;-61.523499;15;15;3.440043078193162e-05;1426.1829833984375;22.39131736755371
1984-06-24-0000;-28.303078;-61.230591;15;15;2.7001377781921964e-05;1422.4578857421875;22.798934936523438
1984-06-24-0100;-28.723263;-61.027405;15;15;2.0548619094548505e-05;1426.1829833984375;22.789478302001953
1984-06-24-0200;-29.0221;-60.883026;15;15;1.672870431759338e-05;1426.1829833984375;22.72805404663086
1984-06-24-0300;-29.377445;-60.572693;15;15;1.0141959342135935e-05;1446.2969970703125;22.670696258544922
1984-06-24-0400;-29.780909;-60.201263;15;15;1.5992330978526574e-05;1443.3175048828125;21.722841262817383
1984-06-24-0500;-30.133419;-59.899719;15;15;5.144852298132998e-06;1438.1025390625;20.65207290649414
1984-06-24-0600;-30.484589;-59.351349;15;15;1.3694496759081498e-05;1438.1025390625;21.20859718322754
1984-06-24-0700;-30.777069;-59.065186;15;15;1.5145406762195261e-05;1440.33642578125;22.314180374145508
1984-06-24-0800;-31.036301;-58.559143;15;15;1.6274042256742858e-05;1446.2969970703125;22.939661026000977
1984-06-24-0900;-31.253693;-58.278473;15;15;1.6628646258029598e-05;1445.5528564453125;22.660106658935547
1984-06-24-1000;-31.558573;-58.973663;15;15;1.4365603702951956e-06;1444.0615234375;21.99810218811035
1984-06-24-1100;-31.784668;-59.020782;15;15;-1.6344433323889466e-06;1447.78662109375;20.815776824951172
1984-06-24-1200;-32.017479;-59.185516;15;15;-1.2136729627847446e-05;1449.2763671875;21.5301456451416
1984-06-24-1300;-32.284657;-59.347076;15;15;-1.7127409304795075e-05;1444.0615234375;21.85923194885254
1984-06-24-1400;-32.568817;-59.598114;15;15;-2.8294108011981297e-05;1442.57177734375;22.568588256835938
1984-06-24-1500;-32.857616;-59.78241;15;15;-3.632769245305086e-05;1441.08203125;22.80145263671875
1984-06-24-1600;-33.062805;-59.90683;15;15;-4.435485951531996e-05;1435.8671875;22.733081817626953
1984-06-24-1700;-33.068104;-59.647797;15;15;-3.751920842866325e-05;1429.9066162109375;22.46485137939453
1984-06-24-1800;-33.127777;-59.424744;15;15;-3.4893750222768084e-05;1425.4373779296875;22.212039947509766
1984-06-24-1900;-33.184669;-59.085693;15;15;-2.6761381473719963e-05;1417.2430419921875;21.769804000854492
1984-06-24-2000;-33.226364;-58.790619;15;15;-2.6206622981788728e-05;1416.497314453125;20.80504608154297
1984-06-24-2100;-33.264538;-58.712494;15;15;-2.8354668389176803e-05;1420.2225341796875;19.928903579711914
1984-06-24-2200;-33.048454;-58.384949;15;15;-3.7788446683251034e-05;1458.2164306640625;20.336284637451172
1984-06-24-2300;-33.133144;-57.866913;15;15;-3.784200644648483e-05;1468.646240234375;19.99053382873535
1984-06-25-0000;-33.176979;-57.350952;15;15;-3.980566335578693e-05;1473.861083984375;19.4417667388916
1984-06-25-0100;-33.194756;-57.255615;15;15;-4.165279535477119e-05;1477.5863037109375;18.772268295288086
1984-06-25-0200;-33.182514;-57.202393;15;15;-4.380436137520313e-05;1476.0965576171875;18.41661262512207
1984-06-25-0300;-33.138271;-57.325317;15;15;-4.469383727536623e-05;1475.3525390625;17.899051666259766
1984-06-25-0400;-33.001991;-57.603119;15;15;-4.258254845117134e-05;1472.3714599609375;17.034500122070312
1984-06-25-0500;-32.82045;-57.940369;15;15;-4.693657735131392e-05;1470.1375732421875;16.41509246826172
1984-06-25-0600;-32.62566;-58.222015;15;15;-6.474399849101283e-05;1467.9022216796875;16.720226287841797
1984-06-25-0700;-32.510586;-58.377686;15;15;-4.848892782433105e-05;1463.431396484375;17.149255752563477
1984-06-25-0800;-32.398125;-58.532501;15;15;-4.8845183746795724e-05;1445.5528564453125;17.849702835083008
1984-06-25-0900;-32.211998;-58.868622;15;15;-5.031174236121124e-05;1429.1624755859375;19.67254066467285
1984-06-25-1000;-32.210323;-59.181641;15;15;-6.385452113791649e-05;1432.8876953125;20.531963348388672
1984-06-25-1100;-32.044292;-59.420197;15;15;-5.131798411190905e-05;1425.4373779296875;21.08140754699707
1984-06-25-1200;-32.034073;-59.470398;15;15;-5.1346704735291885e-05;1430.6522216796875;21.871170043945312
1984-06-25-1300;-31.999075;-59.49881;15;15;-4.862061370605732e-05;1429.9066162109375;22.55451774597168
1984-06-25-1400;-31.992001;-59.507507;15;15;-3.9054234634434334e-05;1418.7327880859375;23.4814453125
1984-06-25-1500;-32.020996;-59.423096;15;15;-3.5276614889532336e-05;1400.8526611328125;24.198780059814453
1984-06-25-1600;-31.992815;-59.368713;15;15;-3.572621318629085e-05;1387.443359375;24.989940643310547
1984-06-25-1700;-32.129185;-59.08316;15;15;-3.958231574965639e-05;1369.5633544921875;25.31869888305664
1984-06-25-1800;-32.231789;-58.838196;15;15;-4.423163445597375e-05;1365.092529296875;25.44839859008789
1984-06-25-1900;-32.472107;-58.477631;15;15;-4.673345689036906e-05;1419.476806640625;25.19150161743164
1984-06-25-2000;-32.66925;-58.074829;15;15;-5.476315248772377e-05;1426.9271240234375;24.4386043548584
1984-06-25-2100;-32.819248;-57.674683;15;15;-5.742916038698716e-05;1425.4373779296875;23.101703643798828
1984-06-25-2200;-32.863712;-57.494446;15;15;-9.408673375531079e-05;1417.2430419921875;23.72296905517578
1984-06-25-2300;-32.944252;-57.297302;15;15;-9.988150218633976e-05;1419.476806640625;23.48853302001953
1984-06-26-0000;-32.919853;-57.256683;15;15;-7.85033441896185e-05;1415.751708984375;23.015941619873047
1984-06-26-0100;-32.934315;-57.182098;15;15;-6.284476591185427e-05;1409.0469970703125;22.201913833618164
1984-06-26-0200;-33.014145;-57.005676;15;15;-5.822508053610797e-05;1401.5966796875;20.838577270507812
1984-06-26-0300;-33.133335;-56.728516;15;15;-5.530685320050504e-05;1400.8526611328125;21.820133209228516
1984-06-26-0400;-33.266865;-56.419495;15;15;-5.118272512326211e-05;1392.6583251953125;23.083633422851562
1984-06-26-0500;-33.380821;-56.123749;15;15;-5.151763889541761e-05;1388.1875;24.088932037353516
1984-06-26-0600;-33.424202;-55.859711;15;15;-3.9520399636469995e-05;1379.9930419921875;25.83763313293457
1984-06-26-0700;-33.513145;-55.444916;15;15;-2.777799889417878e-05;1369.5633544921875;27.94167709350586
1984-06-26-0800;-33.572315;-55.048767;15;15;-3.133347071185599e-05;1355.4083251953125;29.751514434814453
1984-06-26-0900;-33.758755;-54.509399;15;15;-4.546047743152287e-05;1351.6832275390625;30.884042739868164
1984-06-26-1000;-34.184246;-53.777832;15;15;-5.024882383719799e-05;1350.1934814453125;30.164440155029297
1984-06-26-1100;-34.346664;-53.161682;15;15;-4.885205029683087e-05;1341.99755859375;30.622804641723633
1984-06-26-1200;-34.476883;-52.56839;15;15;-4.9289228948176e-05;1334.548828125;30.311635971069336
1984-06-26-1300;-34.665344;-51.998322;15;15;-4.786432614566831e-05;1329.3338623046875;29.133085250854492
1984-06-26-1400;-34.868477;-51.598297;15;15;-4.714820018145508e-05;1319.648193359375;31.796527862548828
1984-06-26-1500;-35.167637;-51.165283;15;15;-3.7305118177933066e-05;1308.4727783203125;33.78076934814453
1984-06-26-1600;-35.40387;-50.871033;15;15;-3.2961400333141134e-05;1293.57373046875;30.740184783935547
1984-06-26-1700;-35.751671;-50.684998;15;15;6.630328481068329e-06;1275.693603515625;29.073596954345703
1984-06-26-1800;-36.182186;-50.435944;15;15;3.1229380186160225e-05;1259.3033447265625;29.266679763793945
1984-06-26-1900;-36.502327;-49.991882;15;15;4.6959996451101525e-05;1243.6585693359375;29.903167724609375
1984-06-26-2000;-36.766899;-49.620361;15;15;6.223128008919009e-05;1225.034423828125;31.744251251220703
1984-06-26-2100;-36.975574;-49.215393;15;15;2.8979011394480304e-05;1214.6046142578125;33.102516174316406
1984-06-26-2200;-37.205833;-49.110596;15;15;4.91264836977074e-06;1186.2947998046875;37.60956573486328
1984-06-26-2300;-37.29681;-48.962646;15;15;-7.11718080647275e-05;1165.4351806640625;39.006004333496094
1984-06-27-0000;-37.39505;-48.501099;15;15;-8.472150810397527e-05;1152.77001953125;42.19422912597656
1984-06-27-0100;-37.494404;-48.24469;15;15;-0.00015832563859639144;1139.359130859375;44.48125076293945
1984-06-27-0200;-37.567272;-47.830658;15;15;-0.00013120860898491716;1128.929443359375;45.95172882080078
1984-06-27-0300;-37.694695;-47.35257;15;15;-9.518905848681446e-05;1120.7349853515625;46.46133041381836
1984-06-27-0400;-37.798512;-46.929871;15;15;-0.0001268835204371072;1114.7744140625;46.20785140991211
1984-06-27-0500;-37.875942;-46.453247;15;15;-0.00014117977438109688;1106.580078125;47.27139663696289
1984-06-27-0600;-38.038857;-45.870941;15;15;-0.0001308735368407233;1097.6400146484375;48.513671875
1984-06-27-0700;-38.125572;-45.276947;15;15;-0.00013183026556435443;1088.699951171875;49.72348403930664
1984-06-27-0800;-38.252907;-44.693787;15;15;-0.00016936961289160343;1082.7410888671875;50.40937805175781
1984-06-27-0900;-38.414825;-44.11795;15;15;-0.00016662370788390795;1078.270263671875;50.84337615966797
1984-06-27-1000;-38.63023;-43.581085;15;15;-0.00016631700446292404;1067.8404541015625;49.790565490722656
1984-06-27-1100;-38.800987;-42.997314;15;15;-0.00024298571331705877;1070.0758056640625;49.85051345825195
1984-06-27-1200;-39.007786;-42.364136;15;15;-0.00026702130136325455;1063.3712158203125;48.24496841430664
1984-06-27-1300;-39.153976;-41.841248;15;15;-0.0002609518765117424;1066.3507080078125;46.69064712524414
1984-06-27-1400;-39.311993;-41.368652;15;15;-0.00026519271422936286;1062.62548828125;46.16032028198242
1984-06-27-1500;-39.466129;-40.851898;15;15;-0.00022090061333472914;1055.17529296875;45.25251007080078
1984-06-27-1600;-39.671127;-40.148407;15;15;-0.0002120726401524045;1052.94140625;43.326194763183594
1984-06-27-1700;-39.790936;-39.592072;15;15;-0.00023055925519244094;1052.19580078125;42.88068389892578
1984-06-27-1800;-39.917953;-38.970093;15;15;-0.00021409796738069728;1057.41064453125;42.360904693603516
1984-06-27-1900;-39.993618;-38.432709;15;15;-0.0002495639435282231;1058.900390625;41.17850112915039
1984-06-27-2000;-39.98193;-38.049438;15;15;-0.0002862366501840216;1067.0963134765625;40.338966369628906
1984-06-27-2100;-39.986664;-37.655212;15;15;-0.0003001167252213161;1069.3302001953125;40.349456787109375
1984-06-27-2200;-40.186741;-37.091583;15;15;-0.00029245930978242585;1079.015869140625;40.068824768066406
1984-06-27-2300;-40.239006;-36.521301;15;15;-0.0002701953452473807;1082.7410888671875;39.6905632019043
1984-06-28-0000;-40.313904;-35.945129;15;15;-0.0002334887513370281;1081.995361328125;40.399314880371094
1984-06-28-0100;-40.384956;-35.354034;15;15;-0.00024195902163155457;1087.210205078125;41.04707336425781
1984-06-28-0200;-40.380615;-34.91748;15;15;-0.00023670518326201332;1087.9559326171875;41.224578857421875
1984-06-28-0300;-40.379578;-34.386871;15;15;-0.00023458416870449973;1089.4456787109375;41.06402587890625
1984-06-28-0400;-40.396069;-33.828339;15;15;-0.00022105909805357628;1090.189697265625;40.56497573852539
1984-06-28-0500;-40.425808;-33.225494;15;15;-0.00022607129685497555;1093.9149169921875;41.35121536254883
1984-06-28-0600;-40.419659;-32.651978;15;15;-0.00022853681957103148;1099.87548828125;41.49658966064453
1984-06-28-0700;-40.429016;-32.006958;15;15;-0.0002203252670721487;1103.6005859375;41.00934982299805
1984-06-28-0800;-40.386368;-31.425171;15;15;-0.00021960111982937674;1113.28466796875;40.1953010559082
1984-06-28-0900;-40.368744;-30.812439;15;15;-0.00022138202631335577;1122.2247314453125;39.79490280151367
1984-06-28-1000;-40.430058;-30.272705;15;15;-0.00017120684904657597;1149.044921875;37.166107177734375
1984-06-28-1100;-40.418129;-29.673645;15;15;-0.00015689910041553147;1156.4952392578125;36.8349609375
1984-06-28-1200;-40.437523;-28.98233;15;15;-0.00014452202285813377;1163.1998291015625;36.79075622558594
1984-06-28-1300;-40.439327;-28.353027;15;15;-0.00012920299874381175;1166.1793212890625;36.67429733276367
1984-06-28-1400;-40.463539;-27.662598;15;15;-0.00011134707227203905;1161.7100830078125;36.9922981262207
1984-06-28-1500;-40.511013;-26.951782;15;15;-0.00010925526510466379;1161.7100830078125;37.240325927734375
1984-06-28-1600;-40.601822;-26.142456;15;15;-0.00011247457963437654;1162.4541015625;36.67924118041992
1984-06-28-1700;-40.650555;-25.433563;15;15;-0.0001075396248101086;1163.1998291015625;36.206825256347656
1984-06-28-1800;-40.69302;-24.716553;15;15;-0.00010783101204860601;1163.9454345703125;35.82746887207031
1984-06-28-1900;-40.722206;-24.031921;15;15;-0.00010938398447028386;1166.1793212890625;35.029205322265625
1984-06-28-2000;-40.743217;-23.341888;15;15;-0.0001102188772687437;1169.160400390625;34.51424789428711
1984-06-28-2100;-40.752449;-22.634033;15;15;-0.00010454920806941613;1174.375244140625;33.71659851074219
1984-06-28-2200;-40.825573;-22.050659;15;15;-0.00011947189024371364;1174.375244140625;32.67129135131836
1984-06-28-2300;-40.826561;-21.446533;15;15;-0.00012048966445957778;1178.098876953125;32.13087463378906
1984-06-29-0000;-40.825352;-20.856018;15;15;-0.00011966649557093572;1180.334228515625;31.286447525024414
1984-06-29-0100;-40.854549;-20.313232;15;15;-0.00011515216010410723;1180.334228515625;30.89198112487793
1984-06-29-0200;-40.906731;-19.721191;15;15;-0.00010290230459257527;1182.5697021484375;30.980764389038086
1984-06-29-0300;-40.976086;-19.11734;15;15;-0.00010049491361299577;1184.8050537109375;30.99430274963379
1984-06-29-0400;-41.03923;-18.463776;15;15;-9.592900282365221e-05;1187.038818359375;30.877681732177734
1984-06-29-0500;-41.06461;-17.831238;15;15;-9.81404729497719e-05;1188.5302734375;31.14582061767578
1984-06-29-0600;-41.049843;-17.245605;15;15;-9.452290260489043e-05;1190.7640380859375;31.00697135925293
1984-06-29-0700;-41.045654;-16.679504;15;15;-9.1309724272171e-05;1196.724609375;30.68071937561035
1984-06-29-0800;-41.018394;-16.239349;15;15;-8.5545504296018e-05;1201.939453125;30.720338821411133
1984-06-29-0900;-40.997875;-15.788696;15;15;-7.941491263503598e-05;1206.40869140625;30.95426368713379
1984-06-29-1000;-41.014355;-15.702026;15;15;-8.218865973416542e-05;1216.8385009765625;28.55485725402832
1984-06-29-1100;-40.983532;-15.341095;15;15;-7.702911876807752e-05;1222.799072265625;28.92255401611328
1984-06-29-1200;-40.940395;-14.93219;15;15;-7.119696944827189e-05;1223.544677734375;29.57711410522461
1984-06-29-1300;-40.944004;-14.423553;15;15;-7.350733168722475e-05;1220.5635986328125;29.75602912902832
1984-06-29-1400;-40.971096;-13.908051;15;15;-7.710917737155586e-05;1216.8385009765625;30.054725646972656
1984-06-29-1500;-40.981323;-13.341614;15;15;-7.995423525119386e-05;1219.0738525390625;29.917011260986328
1984-06-29-1600;-40.986069;-12.808533;15;15;-7.735864741160572e-05;1221.309326171875;29.718238830566406
1984-06-29-1700;-40.968941;-12.324463;15;15;-7.118539028523396e-05;1225.778564453125;29.345964431762695
1984-06-29-1800;-40.966026;-11.774719;15;15;-6.462605896956216e-05;1226.524169921875;28.89364242553711
1984-06-29-1900;-40.919754;-11.298889;15;15;-5.739101815182043e-05;1228.7596435546875;28.559844970703125
1984-06-29-2000;-40.91198;-10.809814;15;15;-4.9558503621689005e-05;1231.7391357421875;29.02568244934082
1984-06-29-2100;-40.919514;-10.347931;15;15;-4.3242049849229024e-05;1232.4847412109375;29.296810150146484
1984-06-29-2200;-41.12117;-9.791687;15;15;-4.399972559910218e-05;1233.2288818359375;29.73141860961914
1984-06-29-2300;-41.156948;-9.136169;15;15;-5.154039571996047e-05;1232.4847412109375;31.396970748901367
1984-06-30-0000;-41.18557;-8.514893;15;15;-4.847376605748731e-05;1236.2083740234375;32.561378479003906
1984-06-30-0100;-41.197666;-7.778778;15;15;-5.1935609152123176e-05;1234.7186279296875;34.16343307495117
1984-06-30-0200;-41.176823;-7.182129;15;15;-5.6898598137830596e-05;1233.2288818359375;35.350372314453125
1984-06-30-0300;-41.162052;-6.447357;15;15;-6.161215087989292e-05;1233.2288818359375;36.10275650024414
1984-06-30-0400;-41.137493;-5.759949;15;15;-6.216205785431931e-05;1230.2493896484375;36.82513427734375
1984-06-30-0500;-41.079727;-5.07959;15;15;-3.204695260807771e-05;1230.2493896484375;36.73578643798828
1984-06-30-0600;-41.026417;-4.387421;15;15;-2.8890903052342157e-05;1232.4847412109375;36.22350311279297
1984-06-30-0700;-40.982502;-3.68335;15;15;-3.115078351593215e-05;1233.9744873046875;36.388526916503906
1984-06-30-0800;-40.97776;-2.983124;15;15;-3.706295648912912e-05;1234.7186279296875;36.56318664550781
1984-06-30-0900;-41.03751;-2.199554;15;15;-3.7615460122447235e-05;1236.9539794921875;36.64543533325195
1984-06-30-1000;-41.2696;-1.505951;15;15;-9.377780252387355e-05;1244.404296875;33.41978454589844
1984-06-30-1100;-41.3354;-0.649506;15;15;-9.035320020350691e-05;1245.1483154296875;33.872066497802734
1984-06-30-1200;-41.375916;0.123078;15;15;-0.00010881809668821519;1242.1688232421875;34.626792907714844
1984-06-30-1300;-41.45052;1.019206;15;15;-8.921748926178858e-05;1232.4847412109375;34.0263671875
1984-06-30-1400;-41.53054;1.934406;15;15;-7.482365165789687e-05;1231.7391357421875;34.08094024658203
1984-06-30-1500;-41.601234;2.829504;15;15;-7.853604097255388e-05;1229.503662109375;33.86191177368164
1984-06-30-1600;-41.690323;3.851266;15;15;-8.292070801669811e-05;1229.503662109375;33.60749435424805
1984-06-30-1700;-41.746895;4.716411;15;15;-7.844876599385865e-05;1231.7391357421875;33.4457893371582
1984-06-30-1800;-41.787746;5.708987;15;15;-7.152574912074127e-05;1232.4847412109375;33.270877838134766
1984-06-30-1900;-41.795921;6.511251;15;15;-5.954446537630363e-05;1231.7391357421875;32.967891693115234
1984-06-30-2000;-41.830887;7.353605;15;15;-4.413116465066914e-05;1232.4847412109375;32.160587310791016
1984-06-30-2100;-41.860474;8.230486;15;15;-2.8996210446716807e-05;1233.2288818359375;31.766841888427734
1984-06-30-2200;-41.708782;9.040603;15;15;-1.1922906767478167e-05;1230.993408203125;31.09618377685547
1984-06-30-2300;-41.663471;9.864469;15;15;-8.494188489329519e-06;1231.7391357421875;30.671865463256836
1984-07-01-0000;-41.694931;10.777885;15;15;-1.4663517987971226e-05;1231.7391357421875;30.740602493286133
1984-07-01-0100;-41.748222;11.801077;15;15;-2.0915611992169837e-05;1228.7596435546875;30.84015464782715
1984-07-01-0200;-41.759857;12.664182;15;15;-2.3323235707188227e-05;1223.544677734375;32.29073715209961
1984-07-01-0300;-41.827099;13.750248;15;15;-2.17004932873519e-05;1220.5635986328125;33.5258674621582
1984-07-01-0400;-41.800304;14.665316;15;15;-2.417577852902748e-05;1216.8385009765625;34.30629348754883
1984-07-01-0500;-41.789803;15.512226;15;15;-2.4615995421819114e-05;1219.0738525390625;34.238101959228516
1984-07-01-0600;-41.770535;16.220755;15;15;-2.3631014437371408e-05;1217.5841064453125;34.04070281982422
1984-07-01-0700;-41.767712;17.074177;15;15;-2.484355177634235e-05;1217.5841064453125;33.43974685668945
1984-07-01-0800;-41.723427;17.774397;15;15;-2.4829227922350053e-05;1216.8385009765625;34.071319580078125
1984-07-01-0900;-41.661804;18.361988;15;15;-1.9409933381472305e-05;1217.5841064453125;35.02988052368164
1984-07-01-1000;-41.260906;18.350098;15;15;-1.4492110532701369e-05;1223.544677734375;36.19301223754883
1984-07-01-1100;-41.239201;19.105999;15;15;-1.3364846527178311e-05;1221.309326171875;35.99544143676758
1984-07-01-1200;-41.306698;19.916521;15;15;-1.3952570843992501e-05;1222.054931640625;36.97883605957031
1984-07-01-1300;-41.407352;20.835138;15;15;-1.104067541042941e-05;1220.5635986328125;37.700130462646484
1984-07-01-1400;-41.416222;21.578632;15;15;-9.941567117594827e-06;1219.819580078125;37.72352981567383
1984-07-01-1500;-41.381641;22.309755;15;15;-7.866501281964655e-06;1222.054931640625;38.26036834716797
1984-07-01-1600;-41.293953;22.891924;15;15;-3.4911384712738413e-07;1223.544677734375;38.86936950683594
1984-07-01-1700;-41.223015;23.475437;15;15;1.491594821767561e-06;1226.524169921875;38.384037017822266
1984-07-01-1800;-41.225269;24.222878;15;15;5.108286981593099e-06;1227.2698974609375;37.94560623168945
1984-07-01-1900;-41.193546;24.959097;15;15;7.513570091957598e-06;1229.503662109375;37.929115295410156
1984-07-01-2000;-41.133675;25.658606;15;15;7.453264635378795e-06;1226.524169921875;38.52752685546875
1984-07-01-2100;-41.062557;26.202473;15;15;4.8170668315644954e-06;1223.544677734375;37.775062561035156
1984-07-01-2200;-40.761784;26.548542;15;15;4.02691351125334e-06;1222.054931640625;36.66438293457031
1984-07-01-2300;-40.699886;27.284014;15;15;-5.033125182945058e-06;1219.819580078125;35.979183197021484
1984-07-02-0000;-40.700024;27.980234;15;15;-1.474904058793434e-05;1219.0738525390625;36.19813537597656
1984-07-02-0100;-40.701534;28.691612;15;15;-8.759542230287282e-06;1212.3692626953125;36.55380630493164
1984-07-02-0200;-40.589115;29.274099;15;15;3.3607024147101693e-06;1208.6441650390625;36.63576889038086
1984-07-02-0300;-40.385345;29.73872;15;15;1.0394461550604023e-05;1202.6851806640625;36.4129638671875
1984-07-02-0400;-40.216038;30.297281;15;15;9.135469342077548e-06;1200.44970703125;36.55088424682617
1984-07-02-0500;-40.093193;30.928421;15;15;1.2157596791201893e-05;1197.4686279296875;35.00242233276367
1984-07-02-0600;-39.969616;31.587471;15;15;-3.6829130323045293e-07;1195.23486328125;33.964332580566406
1984-07-02-0700;-39.930946;32.370094;15;15;-4.30099887975553e-06;1187.7845458984375;32.62910461425781
1984-07-02-0800;-39.888054;33.267132;15;15;-1.7188380640710516e-06;1183.3153076171875;31.490327835083008
1984-07-02-0900;-39.876907;33.977196;15;15;-4.563468894867568e-06;1178.098876953125;31.290809631347656
