time;Lat;Lon;length;width;min_zeta_850;min_hgt_850;max_wind_850
2010-01-27-0000;-29.267965;-49.928772;15;15;-2.9290624278499818e-05;1483.44970703125;19.006635665893555
2010-01-27-0100;-28.442102;-49.93576;15;15;1.0957654579150081e-05;1490.2562255859375;18.792320251464844
2010-01-27-0200;-28.343889;-49.995178;15;15;1.5556971975002323e-05;1494.03564453125;19.12870979309082
2010-01-27-0300;-28.48451;-50.139984;15;15;9.688196360092326e-06;1491.768310546875;18.619077682495117
2010-01-27-0400;-28.58548;-50.299347;15;15;1.1435876736613223e-05;1487.9874267578125;17.560697555541992
2010-01-27-0500;-28.149256;-50.480927;15;15;1.931306081572455e-05;1481.182373046875;16.5278263092041
2010-01-27-0600;-28.058273;-50.551819;15;15;1.6011829651201014e-05;1480.425537109375;15.620476722717285
2010-01-27-0700;-28.228056;-50.552917;15;15;1.7362859637692214e-05;1478.15673828125;15.72783374786377
2010-01-27-0800;-28.554026;-50.500824;15;15;1.8892349667754168e-05;1479.6702880859375;15.766398429870605
2010-01-27-0900;-28.678282;-50.524048;15;15;1.4434245384577239e-05;1484.9632568359375;15.963471412658691
2010-01-27-1000;-28.845903;-50.477936;15;15;5.357230703466831e-06;1484.20654296875;20.4285888671875
2010-01-27-1100;-29.245056;-50.48111;15;15;-4.934852820500429e-06;1488.74267578125;21.647518157958984
2010-01-27-1200;-29.714319;-50.576508;15;15;-3.270416281124249e-05;1491.768310546875;22.845218658447266
2010-01-27-1300;-30.219837;-50.614288;15;15;-6.017261159169491e-05;1494.7923583984375;24.05963706970215
2010-01-27-1400;-30.529999;-50.636475;15;15;-5.86233949719847e-05;1492.5235595703125;24.478225708007812
2010-01-27-1500;-30.776619;-50.521545;15;15;-6.428517815752503e-05;1491.011474609375;26.37946891784668
2010-01-27-1600;-31.329233;-50.427704;15;15;-5.6470524985975576e-05;1484.9632568359375;27.303468704223633
2010-01-27-1700;-31.550636;-50.242493;15;15;-4.6001334656292053e-05;1478.15673828125;28.731035232543945
2010-01-27-1800;-31.491949;-50.064362;15;15;-4.2676365603166715e-05;1477.4014892578125;28.668296813964844
2010-01-27-1900;-31.506748;-49.82132;15;15;-4.066693371603008e-05;1470.596435546875;27.64232635498047
2010-01-27-2000;-31.5886;-49.685944;15;15;-3.674326102747512e-05;1466.8155517578125;27.24028778076172
2010-01-27-2100;-31.704193;-49.526611;15;15;-3.7890824232154775e-05;1466.8155517578125;27.07640266418457
2010-01-27-2200;-31.766426;-49.4422;15;15;-2.9441919012481605e-05;1472.86376953125;21.87124252319336
2010-01-27-2300;-31.918219;-49.364685;15;15;-3.2631211555619946e-05;1476.6446533203125;19.838436126708984
2010-01-28-0000;-32.057045;-49.230774;15;15;-3.221080421529025e-05;1481.182373046875;19.87712860107422
2010-01-28-0100;-32.220001;-49.241821;15;15;-3.411454609964649e-05;1487.2305908203125;19.150300979614258
2010-01-28-0200;-32.153679;-49.295166;15;15;-3.800202263133212e-05;1486.475341796875;18.4522705078125
2010-01-28-0300;-32.191902;-49.372437;15;15;-3.319518336632959e-05;1485.718505859375;17.81655502319336
2010-01-28-0400;-32.295479;-49.57077;15;15;-3.295072825956774e-05;1482.6944580078125;16.961503982543945
2010-01-28-0500;-32.283615;-49.577026;15;15;-2.9258049930762965e-05;1475.889404296875;16.92385482788086
2010-01-28-0600;-33.178783;-49.55423;15;15;-4.4162782022396535e-05;1473.62060546875;17.896255493164062
2010-01-28-0700;-34.076958;-49.500702;15;15;-4.8550097931407966e-05;1462.27783203125;17.859909057617188
2010-01-28-0800;-34.80127;-49.427582;15;15;-4.10529240543167e-05;1453.960693359375;20.75271224975586
2010-01-28-0900;-35.653091;-49.310577;15;15;-6.836660638080339e-05;1439.5938720703125;22.65738868713379
2010-01-28-1000;-36.462818;-48.986847;15;15;-4.034125758036329e-05;1429.0079345703125;22.92470359802246
2010-01-28-1100;-36.831394;-48.522675;15;15;-5.631643186552968e-05;1416.9100341796875;23.373180389404297
2010-01-28-1200;-37.303513;-48.019714;15;15;-6.22761538081129e-05;1410.8602294921875;24.248226165771484
2010-01-28-1300;-38.386219;-47.21933;15;15;-8.751867986703849e-07;1398.76220703125;25.264997482299805
2010-01-28-1400;-39.043262;-46.522644;15;15;-1.2824585267204802e-05;1386.664306640625;27.02501106262207
2010-01-28-1500;-40.087196;-45.673981;15;15;1.3144333374578058e-05;1372.29736328125;26.39596176147461
2010-01-28-1600;-39.87228;-45.280518;15;15;-8.273115729655013e-06;1376.83349609375;26.079387664794922
2010-01-28-1700;-40.849827;-44.431702;15;15;2.0704208878522958e-05;1365.4908447265625;26.79558563232422
2010-01-28-1800;-41.664181;-43.642792;15;15;2.3908464448549975e-05;1357.9305419921875;27.35662078857422
2010-01-28-1900;-42.349781;-42.814026;15;15;3.6111773390339394e-05;1345.0758056640625;28.622121810913086
2010-01-28-2000;-42.917595;-42.071136;15;15;4.773268151341268e-05;1338.270751953125;29.480146408081055
2010-01-28-2100;-43.481323;-41.266296;15;15;5.017829955129374e-05;1330.7088623046875;30.015867233276367
2010-01-28-2200;-44.018803;-40.419891;15;15;4.5181537718490624e-05;1323.1470947265625;31.175113677978516
2010-01-28-2300;-44.470901;-39.573303;15;15;3.39713599450623e-05;1320.878173828125;32.55550765991211
2010-01-29-0000;-44.893623;-38.678741;15;15;2.5956172824111308e-05;1314.0732421875;34.10444259643555
2010-01-29-0100;-45.261501;-37.710541;15;15;2.3786509537316727e-05;1308.7802734375;35.35698699951172
2010-01-29-0200;-45.568554;-36.682281;15;15;2.4118190224204154e-05;1307.2681884765625;35.30337905883789
2010-01-29-0300;-45.792122;-35.593292;15;15;2.419339759923344e-05;1306.512939453125;34.56139373779297
2010-01-29-0400;-46.298466;-34.212921;15;15;2.9448924893171612e-05;1299.7064208984375;34.13774871826172
2010-01-29-0500;-46.588558;-32.966736;15;15;3.252773982397089e-05;1295.9254150390625;33.96855163574219
2010-01-29-0600;-46.835827;-31.691223;15;15;2.8234772819558857e-05;1291.3892822265625;33.140892028808594
2010-01-29-0700;-47.073612;-30.373291;15;15;-2.0176725434186395e-06;1293.658203125;31.88930320739746
2010-01-29-0800;-47.261436;-29.104004;15;15;-2.5585178902463627e-05;1291.3892822265625;31.516069412231445
2010-01-29-0900;-47.434608;-27.935516;15;15;-2.13941789459102e-05;1298.951171875;30.865144729614258
2010-01-29-1000;-47.648537;-26.83609;15;15;6.553520527582718e-06;1289.877197265625;32.955482482910156
